1.810366723670805866e+00 -1.117104978481699096e+00
3.579888658366046972e+00 1.337981029634176977e+00
4.073796414285954626e+00 -1.041070832850262917e+00
4.592839424960056149e+00 -1.043584358325682304e+00
9.802749354135568971e-02 1.394535352831113073e+00
2.549971594812957321e+00 6.420486636274369552e-01
3.770288213129064855e-03 -1.176487017838481863e+00
8.344904578392330352e-01 1.680920161686727532e-02
5.046530773273253168e+00 1.082386907852470603e-01
1.181356973447107023e-01 -1.057251653098274513e-01
2.106962729770292420e+00 -5.851801497460735746e-01
1.949867387556581289e+00 -1.137841563653908983e+00
2.096280246499759858e+00 8.293063115461807300e-01
4.700292639034234554e+00 -8.767491048947212429e-01
3.410225688775239128e+00 -2.215044325213311183e-02
4.060600405540002455e+00 -3.785997747350422493e-02
2.010820380335501145e+00 1.053638460227360074e+00
5.454350281660047095e+00 4.884094189424277310e-01
5.673026998021533096e+00 3.313140767287166000e-01
3.202859837053140701e+00 1.338295220318604262e+00
5.518445181283241574e+00 -2.848138554334580519e-01
7.125844722813932108e-01 -1.315673491039829779e+00
6.071420785875504045e+00 1.745329251994329756e-01
1.561527701604287666e+00 -9.728914543295124062e-01
8.765920095525076006e-01 -7.809209461443574751e-01
2.802580905092604713e+00 -1.173659301678635192e+00
3.534645199808498450e+00 3.691740542022214910e-02
5.098686426888205503e+00 -1.274828702064265018e+00
1.298235908054107934e+00 -1.326355974310362118e+00
3.877113045834388316e+00 -1.564826703790775486e+00
2.728431903567733130e+00 1.151980144453143229e+00
8.300917882572491635e-01 -7.617553143942846772e-01
1.589176481833900922e+00 2.204047651258367324e-01
4.987462924600897907e+00 9.672360220098190631e-01
2.453200864009311477e+00 1.412130031159048560e+00
2.330666497082616750e+00 -1.212618946547635357e+00
4.351540979319795888e+00 1.006509857563246513e+00
6.092785752416569167e+00 6.109437858691224577e-01
5.521587088127515308e+00 1.364373047126080429e+00
3.379435001701351915e+00 1.458001871085452095e+00
5.125078444380108955e+00 1.014050433989504896e+00
3.917329453441098508e+00 -1.140669279813755654e+00
5.766655821980904761e+00 -8.425023202921322341e-01
3.016230570503252162e-01 3.300573139910070175e-01
4.707204834091637480e+00 -9.336176187760846235e-01
1.578493998563368583e+00 -5.396225005040973244e-01
4.875611040944735741e+00 -2.813577579047563670e-01
4.315094859926214887e+00 2.376852527693449346e-01
5.106227003314463886e+00 3.377549857594797089e-02
1.354161849882189017e+00 3.599054290116121546e-01
1.568439896661691035e+00 7.991440058411480862e-01
6.217833644818682615e+00 -5.386799284508150265e-01
5.772311254300598549e+00 -1.303420054347160351e+00
5.843946730350050439e-02 -1.346307082771502905e-01
1.620595550276643149e+00 -6.646703929062113270e-01
5.300396846290610142e+00 1.207277704912369298e+00
1.434594665095609178e+00 8.308772649683175970e-01
4.849219023452832289e+00 4.331118584832012175e-01
1.974374260941920367e+00 1.529323156450477228e+00
3.266326355307479723e+00 2.964389107572729110e-01
4.247858053458746674e+00 7.501302590704703732e-01
1.374270053685544113e+00 -9.897006559463683573e-03
4.021640760671002290e+00 4.299699516389270393e-01
5.080463367191415003e+00 -1.908708407896588799e-01
5.159639419667125360e+00 -1.356832470699822046e+00
3.212913938954818249e+00 -1.384795441613862810e+00
7.031587517485705652e-01 6.715825879636145856e-01
9.438288160199759247e-01 1.214346995311987865e-01
4.000904175498792625e+00 -1.441978146179653475e+00
1.456588013005528648e+00 -5.713557596312669462e-01
1.910279361318726332e-01 3.002091989704018804e-01
4.444541421910312984e+00 4.100188431777862519e-02
5.016368467568220524e+00 -7.491876870171878533e-01
5.661716133382145300e-01 1.423440895798435690e+00
3.541557394865901376e+00 -1.005881476194391722e+00
4.281162266008053052e+00 -1.381025153400733618e+00
5.842061586243485927e+00 -4.896661816801373135e-01
5.040246959584704811e+00 -5.785821453730977115e-01
9.344030954871532790e-01 -1.918134128429411778e-01
1.001011520585766812e+00 -1.402390119941798297e+00
2.224470045746148372e+00 -8.930870204849471472e-01
1.294465619840978965e+00 -9.986550904525609562e-01
4.078195083867938719e-01 1.062435799391328040e+00
4.583413704427233171e+00 -8.833471092676971059e-01
4.387358717344521430e+00 -1.974688451626347430e-01
5.583796843644145191e+00 -8.896309229562454624e-01
3.765261162178226151e+00 2.455400198800303802e-01
1.028031919446525055e+00 -1.288653092179071535e+00
6.039373336063906805e+00 -5.242271569671537179e-01
2.741627912313684856e+00 -6.499034307381225117e-01
5.255781769101916190e+00 -8.512996594560999775e-01
4.619231442451959602e+00 -3.875542092412249673e-01
2.940824806240670553e-01 -8.135967773248093948e-01
4.863671794936493598e+00 -6.624710581152193356e-01
7.622266004209259371e-01 8.467438945319027965e-02
5.167179996093383743e+00 -1.359660186859668940e+00
4.412493972098715744e+00 -9.399014324646330909e-01
2.288564945369342407e+00 -1.089142007567658554e+00
1.030545444921944359e-01 -1.047825932565451534e-01
6.028690852793374688e+00 -3.240876909868857236e-01
4.891948956534961646e+00 -1.026618061366601609e+00
6.231658034933489354e+00 1.473711405306823430e+00
4.529372906705716240e+00 -9.653508779032542453e-01
5.458748951242030856e+00 5.003486649506698747e-01
4.890692193797251619e+00 -1.448576150552629338e+00
4.298128562967133526e+00 -9.904861326574480040e-01
4.317608385401634052e+00 1.440721383441943892e+00
4.349027453844376723e+00 6.640420115373566468e-01
1.112235022873074186e+00 -1.451089676028048725e+00
1.398148545702028178e+00 -8.000865778944301621e-01
5.279031879749545908e+00 -1.311903202826700809e+00
5.008199509773108016e-01 -1.127159080383376644e+00
5.598877996496661069e+00 1.205078370121377418e+00
8.187809236178619221e-01 -1.555243887915724876e-02
1.618082024801223762e+00 -1.458001871085452095e+00
1.209005753676720030e+00 -1.120561076010400781e+00
1.512513954833609953e+00 -1.375369721081040053e+00
5.441782654282950382e+00 1.498846660061017300e+00
3.648382227571225211e+00 5.482627443258514255e-02
4.995631882396011081e-01 9.389588604113510151e-01
1.557129032022303683e+00 -5.459063141926456808e-01
3.386347196758755285e+00 1.386680585720427406e+00
6.095299277891988332e+00 -7.359916782712361272e-01
9.777614099381375379e-01 8.993708341734958367e-01
6.083988413252600758e+00 7.350491062179540513e-01
7.106993281748287261e-01 -4.522774902332740155e-01
5.708216354677404070e+00 1.547389120805053864e-01
3.385718815389900271e+00 5.826666242706544097e-01
4.073168032917100057e+00 -1.463971494089573167e+00
6.038744954695052236e+00 3.718446750198540762e-01
2.411099312296037134e+00 2.125499980151510648e-01
2.859763609658395822e+00 6.602717233242274553e-01
5.030821239051881832e+00 1.040128260796981063e+00
2.441889999369924347e+00 -1.483765507208500534e+00
3.009318375445848570e+00 -9.251344702965441646e-01
3.408340544668674532e+00 1.322585686097233371e+00
2.420525032828859668e+00 8.663808123086162993e-01
1.627507745334046407e-01 3.309998860442893154e-01
2.649884232460877787e+00 -3.869258278723701761e-01
2.492788890247166655e+00 -1.011222717829658002e+00
4.388615480082231457e+00 -4.990919022129598481e-01
1.187012405766800560e+00 1.054109746254001667e-01
4.310067808975375669e+00 -1.288653092179071535e+00
1.192667838086494125e+00 1.403961073363935608e+00
2.959676247306315844e+00 -1.362173712335088327e+00
4.880009710526719502e+00 -7.234240508941391923e-01
1.187012405766800560e+00 1.063378371444609893e+00
6.874492175271994521e-01 -1.182456640842602935e+00
1.778319273859208849e+00 2.631346982079660890e-01
5.404708153520514813e+00 1.492562846372468499e+00
4.600380001386313644e+00 1.114277262321852646e+00
4.792036318887041624e+00 -1.157007195403981559e+00
4.861158269461074433e+00 -4.739566474587662004e-01
9.922141814217988465e-01 -1.479681028310944058e+00
3.141906844274220539e-02 -1.176644113180693729e-01
5.056584875174930716e+00 6.992313681932280645e-01
2.847195982281298665e+00 1.845870271011105235e-01
2.143408849163873420e+00 4.463078672291529436e-01
4.256655392622714196e+00 1.570796326794896558e+00
4.662589756902943416e-01 -1.297764622027466785e+00
2.364599091000778586e+00 1.185284357002450051e+00
4.382960047762537670e+00 -1.450461294659193934e+00
3.131852742372543297e+00 1.359974377544096669e+00
4.735481995690105528e+00 4.906087537334196114e-01
4.323263817721327840e-01 -1.519111959206584928e-01
4.342115258786972909e+00 7.787216113533657058e-01
3.845693977391646090e+00 1.522253866050859994e-01
5.772311254300598549e+00 1.157007195403982003e+00
2.357686895943375216e+00 4.918655164711291938e-01
2.193050977303406146e+00 3.727872470731363741e-01
1.479209742284303131e+00 -7.765222765623736034e-01
1.093383581807428756e-01 1.669923487731748146e-01
2.340092217615439729e+00 -4.965783767375404611e-01
7.760509905357325655e-01 -2.329723925029334453e-01
3.422164934783481272e+00 2.901550970687243325e-01
1.442763622890722131e+00 1.121503648063683301e+00
3.355556509684867628e+00 -3.825271582903861933e-01
3.980167590326582960e+00 -9.776043145959236735e-01
6.274387968015618711e+00 1.169574822781078716e+00
4.107100626835261004e+00 5.129162923277665875e-01
1.548331692858335940e+00 5.525043185656217659e-01
5.247612811306803238e+00 -8.013433406321398556e-01
2.682560063641329595e+00 -8.770632955791486385e-01
2.813891769731992287e+00 1.281426706437240881e+00
3.595598192587418307e+00 -9.477561995753185364e-01
2.947737001298073700e+00 -9.474420088908911408e-01
3.644611939358095853e-02 -3.262870257778778260e-01
5.734608372169307522e+00 9.628373524278348583e-01
5.436755603332111164e+00 -9.185364659235683016e-01
1.033058970397363829e+00 9.289047585096734672e-01
4.884408380108703263e+00 -1.349291894273564107e+00
7.075574213305545479e-01 2.389420155070545171e-01
1.937928141548339367e+00 -1.126844889698949137e+00
2.741627912313684856e+00 1.420298988954161512e+00
2.906263830953654370e+00 3.162329238762005001e-01
5.989102826555519954e+00 1.570167945426041989e+00
5.361349839069529999e+00 -2.606211727325464800e-01
6.711113019369735477e-01 7.231098602097119077e-01
5.626526776726274548e+00 -9.807462214401979628e-01
2.375909955640165716e+00 7.425896826442119902e-01
2.830858066691072761e+00 7.768364672468011101e-01
4.957929000264720276e-01 8.252218326486242539e-01
4.299385325704843552e+00 8.959147366447939298e-01
1.359817282201882804e+00 1.839586457322557322e-01
4.809630997214976666e+00 -2.031242774823283082e-01
1.137370277627267889e-01 2.383136341381997259e-01
4.768786208239411906e+00 -5.537610813033313484e-01
3.566692649620095246e+00 6.112579765535497422e-01
5.257666913208480786e+00 -7.523295938614620315e-01
5.656689082431307192e+00 -3.542499966919183674e-01
2.429322371992827634e+00 -1.131243559280933120e+00
5.964595953170180209e+00 -7.824918995664945642e-01
8.501999920606041483e-01 1.333739455394407081e-01
1.065106420208960847e+00 -1.326041783625934833e+00
5.510904604856983191e+00 -1.544718499987420612e+00
2.400416829025504573e-01 -7.853196157263413468e-01
2.387220820279552846e+00 -1.020334247678053252e+00
4.775070021927960262e+00 2.445974478267480823e-01
2.293591996320181181e+00 8.654382402553340015e-01
3.958802623785517838e-02 8.132825866403821102e-01
3.262556067094350976e+00 1.049239790645376313e+00
2.468282016861827799e+00 1.520525817286509263e+00
4.936564033723655598e+00 -2.621921261546835691e-01
2.639830130559200239e+00 -7.768364672468009990e-01
1.707312179178611444e+00 1.544404309302993106e+00
4.066255837859696243e+00 -9.755620751471449914e-02
2.262172927877438844e-01 3.366553183639828806e-01
5.298511702184045546e+00 -5.179433432786051394e-01
7.075574213305545479e-01 -1.467741782302702136e+00
5.177234097995061290e+00 1.005567285509964215e+00
5.536039859611177061e-01 -3.039794871835308498e-01
6.011724555834294215e+00 -4.902945630489921047e-01
9.708492148807341682e-01 -9.524690598417299148e-01
3.074041656437897618e+00 3.514222805320716958e-01
2.370882904689326942e+00 -1.178686352629473744e+00
7.125844722813932108e-01 -9.260770423498264625e-01
5.027679332207608098e+00 -1.314102537617692690e+00
5.007571128404253002e+00 -1.313788346933265405e+00
2.747911726002233657e+00 -8.337049811281643796e-01
5.591965801439258144e+00 6.645132975639977957e-02
9.620518757167664248e-01 9.138236056571571453e-01
1.750042112260741023e+00 9.461852461531816694e-01
6.185157813638230806e+00 4.818114145694516459e-01
6.717396833058283390e-01 -4.104901292044269567e-01
5.541066910562015835e+00 1.326670164994789847e+00
2.071144991745566433e+00 1.284568613281515059e+00
2.675019487215071656e+00 4.780411263563228985e-01
4.415007497574134909e+00 5.514046511701264919e-02
1.845556080326677284e+00 9.757191704893592998e-01
6.269989298433634950e+00 1.139412517076046072e+00
3.286434559110834597e-01 -4.885665142846407072e-02
1.309546772693495287e+00 5.613016577295897314e-01
5.000658933346850077e+00 1.101709634944755489e+00
1.611798211112675183e+00 -5.719841410001218485e-01
2.463254965910988969e-01 -1.209791230387788463e+00
6.183901050900520779e+00 8.783200583168584430e-01
4.139776458015712812e+00 9.499555343663108609e-01
6.121062914015037215e+00 4.896661816801373135e-01
5.089889087724237537e-01 -6.935759358735341662e-01
5.096172901412785450e-01 -1.282055087806095672e+00
2.125185789467082920e+00 -3.734156284419909433e-01
1.890171157515371236e+00 1.042955976956827513e+00
4.622373349296233336e+00 -4.265138541102253544e-01
5.017625230305930550e+00 2.178912396504173454e-01
4.650650510894701384e+00 1.180885687420465846e+00
3.125568928683994940e+00 4.811830332005970767e-01
1.794657189449434975e+00 7.334781527958167402e-01
1.061964513364686558e-01 9.713205009073755392e-01
3.468036774709884806e+00 1.277342227539684405e+00
1.717366281080288992e+00 -3.391688438394020455e-01
7.697671768471840981e-01 -9.430433393089072691e-01
5.412248729946772308e+00 -4.921797071555564784e-01
4.859901506723364406e+00 -1.064949324866746982e+00
1.750042112260741023e+00 9.788610773336334780e-01
2.446917050320763121e+00 1.266031362900297275e+00
3.151332564807043379e+00 -2.185196210192719146e-01
2.841540549961605322e+00 -3.363411276795551519e-01
3.474948969767288065e-01 -7.378768223778006119e-01
9.859303677332504900e-01 -1.029759968210875787e+00
3.819930341268597651e+00 -1.003367950718972335e+00
4.542568915451668410e+00 4.571474458418989251e-02
1.328398213759140578e+00 -5.584739415697426157e-01
1.797170714924854196e-01 -1.011536908514085287e+00
7.993011011833617285e-01 8.079413450051160517e-01
2.190537451827986537e+00 -7.661539839762686599e-01
5.994758258875212853e+00 -6.942043172423889574e-01
2.761736116117039952e+00 -1.087571054145521465e+00
1.448419055210415696e+00 1.673065394576023213e-01
6.078961362301762428e+00 1.365944000548217740e+00
5.536039859611176617e+00 1.067777041026594098e+00
3.853862935186759042e+00 7.674107467139785754e-01
4.730454944739266310e+00 4.463078672291529436e-01
3.009318375445848570e+00 -3.542499966919183674e-01
5.206768022331238477e+00 -9.568677294237137865e-01
4.964212813953268466e-02 -1.552259076413678551e+00
6.247367569154860689e+00 5.126021016433393029e-01
1.907137454474451932e+00 -7.513870218081798447e-01
4.967354720797542811e+00 -1.208848658334506387e+00
4.069397744703970865e+00 8.310343603105319055e-02
4.102701957253277243e+00 -3.124626356630710866e-01
9.243489935854757311e-01 1.257548214420757038e+00
4.382331666393683101e+00 -2.873273809088774389e-01
3.771544975866774507e+00 2.546515497284256302e-01
2.037212397827404597e+00 -5.993187305453074876e-01
1.684062068530982337e-01 -1.529323156450476784e+00
1.269958746455640108e+00 -1.045783693116674407e+00
3.307799525651899497e+00 1.412758412527903573e+00
4.015985328351308503e+00 -5.072608600080728003e-01
1.899596878048193771e+00 1.103280588366892800e+00
2.159118383385244311e+00 2.340720598984313838e-02
3.122427021839720762e+00 -1.166118725252376809e+00
1.160620388274897108e+00 -9.666076406409639388e-01
3.236164049602447523e+00 1.507958189909412106e+00
4.822827005960928837e+00 -7.686675094516880469e-01
1.674007966629304844e+00 -6.012038746518720833e-01
2.222584901639583777e+00 1.052381697489650492e+00
2.220071376164164167e+00 -1.558857080786654414e+00
8.992137388312819724e-01 1.211205088467712798e-01
4.895090863379235602e-01 1.195495554246341907e-01
1.673379585260450053e+00 1.344893224691580347e+00
1.991340557901001063e+00 -1.131871940649787911e+00
7.358345829290224849e-01 -7.199679533654376185e-01
4.253513485778439573e+00 4.934364698932665050e-01
2.254003970082326003e+00 -3.884967812945072652e-01
1.074532140741783381e+00 5.179433432786053615e-01
4.926509931821978050e+00 9.028269317021972995e-01
7.358345829290224849e-01 2.068945656954574996e-01
3.589314378898869951e+00 -3.972941204584752306e-01
4.463392862975958053e+00 -1.063064180760182609e+00
3.549097971292159759e+00 -6.250823666683561486e-01
3.255643872036947606e+00 -1.148209856240013815e+00
4.967983102166397380e+00 -2.323440111340784320e-01
7.622266004209259371e-01 2.920402411752889282e-01
4.771299733714831959e+00 1.214818281338627681e+00
3.331678017668383784e+00 -2.226040999168283907e-01
1.799684240400273527e+00 3.580202849050475589e-01
5.649148506005048809e+00 -1.316930253777539583e+00
6.119177769908472619e+00 7.425896826442119902e-01
3.495057173570643272e+00 1.526495440290630334e+00
3.211028794848253654e+00 4.026353620937415112e-01
4.793293081624750762e+00 -1.095740011940634417e+00
4.948503279731897742e+00 1.479995218995371786e+00
5.514674893070112383e+00 -6.521027655291143921e-01
2.489646983402892477e+00 1.331383025261201336e+00
4.172452289196165176e-01 1.685633021953121258e-01
2.561910840821199464e+00 -1.088199435514376257e+00
1.983799981474742902e+00 -1.412130031159048338e+00
3.178981345036656414e+00 1.267288125638006857e+00
4.926509931821977939e-01 1.417471272794314618e+00
2.275368936623390681e+00 2.298304856586592670e-01
2.144037230532728433e+00 9.518406784728754566e-01
1.980029693261613932e+00 -1.252835354154345548e+00
4.988091305969752476e+00 -9.684927847475284235e-01
4.443284659172602957e+00 -1.242624156910452360e-01
4.431345413164360814e+00 6.370216126765981812e-01
4.342115258786973242e-01 -2.577934565726998084e-01
5.622128107144290787e+00 -7.956879083124462904e-01
4.955415474789300667e+00 -3.134052077163533845e-01
3.770288213129064925e+00 1.551316504360396475e+00
4.021640760671002290e+00 1.852154084699653147e-01
2.975385781527687179e+00 -3.341417928885632715e-01
4.935935652354801029e+00 6.046599721805736571e-01
2.615323257173861382e+00 1.405846217470500203e+00
6.165677991203731168e+00 5.279974451802829094e-01
1.758211070055853975e+00 9.267054237186815868e-01
7.201250487076513718e-01 -1.356832470699822046e+00
4.571474458418991027e+00 7.865763784640513734e-01
4.851104167559396885e-01 2.640772702612483869e-01
5.294113032602061786e+00 1.208534467650078881e+00
4.802090420788719172e+00 3.357127463107005827e-01
6.187042957744795402e+00 8.434448923454147540e-01
4.486642973623586883e+00 -1.446691006446064742e+00
4.484757829517022287e+00 5.176291525941780769e-01
3.086609283814994331e+00 4.390814814873222893e-01
3.261299304356641282e-01 -1.285511185334797357e+00
5.550492631094837925e+00 9.480703902597462651e-01
6.259306815163102833e+00 1.192196552059852976e+00
3.045136113470574557e+00 -2.361142993472076235e-01
3.651524134415499390e+00 -1.016878150149351345e+00
5.106855384683318455e+00 2.251176253922479997e-01
6.035603047850777614e+00 -3.451384668435231173e-01
2.018360956761759528e+00 1.016406864122711973e-01
5.346897067585868690e+00 -1.511728478122541297e+00
5.317991524618546073e+00 7.485593056483330621e-01
1.723021713399982557e+00 -3.093207288187969084e-01
3.456725910070497676e+00 -4.811830332005968547e-01
1.078930810323767364e+00 -1.211047993125498268e+00
6.415773776007959173e-01 1.773606413592798692e-01
4.765015920026282714e+00 -1.431138567566907494e-01
1.131086463938719422e-01 -1.235869057195264631e+00
5.634695734521387500e+00 -1.002425378665690037e+00
9.551396806593630551e-01 -4.711289312989193068e-01
5.421046069110740717e+00 2.310872483963690716e-01
8.118687285604586634e-01 1.263832028109305394e+00
2.024644770450307885e+00 -1.165176153199094733e+00
4.279277121901488568e-01 -1.122132029432537870e+00
4.576501509369830245e+00 -4.959499953686856699e-01
1.671494441153885457e+00 -2.863848088555951410e-01
4.369764039016586388e+00 -7.956879083124462904e-01
1.295722382578688547e+00 -1.132186131334215418e+00
5.767284203349759331e+00 5.462205048770734095e-01
4.437000845484054601e+00 1.423440895798435690e+00
4.838536540182299811e-02 -1.371442337525696775e-01
2.059205745737324289e+00 2.270027694988125955e-01
1.890171157515371236e+00 2.568508845194177326e-01
3.837525019596533138e+00 4.026353620937415112e-01
4.851104167559396885e+00 1.349291894273564107e+00
2.977270925634251331e+00 5.060040972703632178e-01
5.471316578619127569e+00 1.099510300153763609e+00
4.408095302516731984e+00 -1.216075044076337042e+00
6.149968456982359832e+00 8.164244934846562884e-01
8.470580852163298591e-01 -6.354506592544610921e-01
2.820175583420540644e+00 -7.161976651523085380e-01
1.693487789063804927e+00 4.877810375735727177e-01
5.115024342478431407e-01 9.980267090837062760e-01
2.713350750715216808e+00 1.487849986106057454e+00
1.033058970397363829e+00 1.512671050175823595e+00
5.761000389661210974e+00 -6.222546505085093660e-01
1.513142336202464744e+00 -8.183096375912206621e-01
3.079068707388736281e-01 -5.795247174263798984e-01
5.539810147824305808e+00 4.100188431777862519e-02
6.080218125039471566e+00 -1.560428034208791725e+00
5.160267801035979929e+00 -1.792457854658442429e-01
6.139285973711827715e+00 -6.065451162871382529e-01
9.237206122166209399e-01 -9.622089710589799560e-01
4.168682000983036318e+00 1.371599432867911084e+00
1.658926813776788467e-01 9.838881282844722520e-01
5.446809705233788712e+00 -6.062309256027107462e-01
1.979401311892758919e-01 -1.482508744470790951e+00
4.147317034441971306e-01 9.169655125014313235e-01
1.168160964701155269e+00 -2.537089776751433323e-01
4.641224790361878405e+00 9.818458888356951242e-02
4.549481110509071558e-01 -8.214515444354949514e-01
2.949622145404638296e+00 8.528706128782372886e-01
1.207748990939010447e+00 -1.214504090654199953e+00
6.007325886252309566e+00 4.353111932741935419e-01
8.539702802737332288e-01 -5.034905717949438309e-01
5.853372450882873501e+00 5.126021016433393029e-01
3.705564932137015877e+00 -7.058293725662035945e-01
5.779223449358001474e+00 -9.147661777104392211e-01
4.127837212007471557e+00 8.561696150647257753e-02
3.445415045431110546e+00 1.336724266896467395e+00
4.803347183526428310e+00 -1.097625156047199013e+00
5.725182651636484543e+00 -3.950947856674831282e-01
1.200208414512752286e-01 -1.074060854715142233e+00
2.988581790273638905e+00 -1.065891896920029280e+00
2.471423923706101977e+00 4.617032107660969942e-01
5.184774674421318785e+00 9.782326959647789089e-01
2.205618604680502914e-01 -1.104223160420174654e+00
4.027924574359550647e+00 6.967178427178084554e-01
8.985853574624270701e-01 5.210852501228795397e-01
2.024644770450307885e+00 -1.336410076212039666e+00
5.260808820052755408e+00 -9.358169535670765038e-01
2.585160951468828738e+00 -1.506073045802847510e+00
6.560301490844573369e-01 -1.561056415577646517e+00
5.364491745913804621e+00 7.462028755151273174e-02
1.164390676488026299e+00 -1.228956862137861261e+00
2.818918820682830617e+00 -3.357127463107003607e-01
6.198982203753037545e+00 6.819508805497198622e-01
2.232639003541261324e+00 -9.069114105997537756e-01
3.471807062923013998e+00 6.744103041234614793e-01
6.019893513629407167e+00 9.741482170672224328e-01
5.079206604453704976e+00 5.016054276883794572e-01
2.855364940076411617e+00 6.332513244634694338e-01
4.286817698327746839e+00 2.970672921261277022e-01
5.060355163388059907e+00 1.647930139821829343e-01
5.170950284306512046e+00 1.288653092179071535e+00
6.040630098801616832e+00 -8.563267104069387514e-01
1.440878478784157535e+00 -1.401761738572943505e+00
2.571336561354022443e+00 1.014993006042787194e+00
2.110733017983421611e+00 -1.281740897121668166e+00
5.287829218913513429e+00 -8.852322533742615907e-01
2.235152529016680489e+00 -8.720362446283098645e-01
6.283813688548441911e-01 -6.505318121069773030e-01
4.229006612393100828e-01 -1.084114956616819780e+00
4.536285101763120053e+00 -4.979922348174636859e-02
4.317608385401634052e+00 -1.501360185536436243e+00
2.399160066287794990e+00 -6.580723885332354639e-01
6.266219010220505758e+00 -6.341938965167513986e-01
3.471807062923013998e+00 -1.259747549211748696e+00
1.732447433932805314e+00 5.082034320613550982e-01
2.991095315749058292e-01 -3.542499966919183674e-01
1.911536124056435915e+00 3.567635221673377544e-01
1.074532140741783381e+00 -7.067719446194858923e-01
2.674391105846216643e+00 -4.346828119053383066e-01
4.553879780091055096e+00 1.235554866510837346e+00
2.482734788345489108e+00 -1.469312735724839225e+00
7.666252700029098088e-01 -4.042063155158783783e-01
2.786871370871233822e+00 -7.960020989968736860e-01
2.318727251074375051e+00 1.516127147704525502e+00
5.850230544038598879e+00 -1.113963071637424918e+00
4.736110377058960097e+00 4.827539866227339438e-01
5.434870459225546568e+00 -1.424383467851717988e+00
2.536147204698151025e+00 -1.452660629450185814e+00
3.973255395269179591e+00 9.333034280916572278e-01
4.846077116608557667e+00 -1.392021827355693464e+00
2.054807076155340251e-01 -9.257628516653990669e-01
2.123929026729373337e+00 5.482627443258514255e-02
3.200346311577721092e+00 -3.994934552494671109e-01
3.706193313505870890e+00 1.162348437039248061e+00
3.856376460662178651e+00 1.534821493427958039e-01
3.472435444291868567e+00 -1.191882361375425470e+00
4.819685099116654214e+00 1.523039342761928427e+00
5.469431434512562973e+00 -9.131952242883021320e-01
1.670237678416175653e+00 6.398493288364450748e-01
4.594096187697765288e+00 -1.475282358728960297e+00
1.754440781842724784e+00 7.648972212385589664e-01
7.949024316013778568e-01 1.517698101126662369e+00
5.781108593464565626e-01 1.325413402257080264e+00
2.414869600509165881e+00 -2.089368051442352936e-02
1.558385794760013543e-01 1.048611409276521300e+00
1.422027037718512243e+00 -1.211205088467710578e-01
2.863533897871524569e+00 1.340494555109596142e+00
5.768540966087468691e-01 9.477561995753189805e-01
5.485769350102789321e-01 -1.294308524498765101e+00
1.099667395495977251e+00 -9.003134062267779125e-01
6.428341403385056108e-01 -1.311274821457845796e+00
9.953560882660731357e-01 -7.520154031770346359e-01
5.519073562652096143e+00 -1.217645997498474131e+00
1.421398656349657452e+00 -1.995110846114123149e-02
1.894569827097354997e+00 1.166432915936804537e+00
5.919980875981486257e+00 -2.744455628473529973e-01
4.767529445501702767e+00 -1.040442451481408126e+00
3.424678460258900436e+00 -9.414723858867701800e-01
3.838153400965388151e+00 1.078145333612698931e+00
1.934157853335210175e+00 -1.476539121466669879e+00
4.969239864904107407e+00 7.542147379680268493e-01
3.493800410832933467e-01 7.520154031770349690e-01
3.758977348489677794e+00 -5.421360259795167114e-01
1.931015946490935997e+00 3.762433446018380589e-01
4.059972024171147886e+00 5.072608600080728003e-01
3.260042541618931367e+00 -1.441663955495226190e+00
4.662589756902943527e+00 7.099138514637601816e-01
5.551121012463693383e+00 6.582294838754498834e-02
4.283675791483472217e+00 -8.374752693412934601e-01
1.124174268881316108e+00 -1.317558635146394375e+00
2.294848759057890764e+00 -1.451403866712476232e+00
5.715128549734807883e+00 -7.556285960479502961e-02
3.616963159128482985e+00 2.555941217817079281e-01
3.026913053773784057e+00 6.404777102053000881e-01
3.647753846202370198e+00 6.681264904349131228e-01
2.055435457524195098e+00 4.739566474587664224e-01
1.595460295522449279e+00 -6.907482197136873836e-01
3.965714818842921208e+00 1.477481693519952177e+00
4.723542749681863384e+00 -1.130300987227650822e+00
4.159884661819067908e+00 1.239010964039538809e+00
3.835011494121113973e+00 2.219757185479738215e-01
1.762609739637837736e+00 1.371599432867911084e+00
1.987570269687872093e+00 1.546289453409557701e+00
3.451698859119658902e+00 -3.331992208352809737e-01
6.141171117818391423e+00 -3.501655177943618913e-01
2.593329909263941691e+00 -4.761559822497580807e-01
2.886155627150299274e+00 -1.128730033805513733e+00
2.518552526370215539e+00 -8.858606347431164929e-01
4.940334321936784789e+00 -1.086000100723384376e+00
6.056339633022988167e+00 -1.567968610635049664e+00
5.860913027309130996e+00 -6.354506592544610921e-01
3.454840765963933080e+00 3.548783780607733807e-01
6.216576882080973476e+00 3.118342542942165174e-01
1.253620830865413982e+00 1.534036016716888273e+00
4.692752062607976171e+00 -6.128289299756866093e-01
5.718898837947936187e+00 -4.695579778767822177e-01
6.224117458507230971e+00 5.858085311149285879e-01
5.782365356202276097e+00 8.010291499477126820e-01
1.175073159758558555e-01 -1.317872825830821881e+00
2.395389778074665799e+00 4.692437871923549331e-01
2.240807961336374277e+00 1.248436684572361788e+00
4.455852286549699670e+00 6.445621891028565642e-01
4.800205276682154576e+00 -6.901198383448324813e-01
2.934540992552121974e+00 3.363411276795553739e-01
5.529756045922628455e-02 6.612142953775097531e-01
4.384216810500247696e+00 7.469883522261961950e-01
4.873097515469316576e+00 -1.343950652638297827e+00
5.690621676349468139e+00 -7.667823653451234511e-01
2.548714832075247738e+00 -1.199737128486111137e+00
2.531120153747312251e+00 1.162662627723675346e+00
1.093383581807428895e+00 1.253463735523200562e+00
1.116633692455057947e+00 -1.505444664433992719e+00
2.796925472772911370e+00 9.317324746695203608e-01
1.340337459767382500e+00 8.827187278988422037e-01
2.057320601630759693e+00 -3.083781567655146105e-01
3.945606615039566556e+00 1.125273936276812048e+00
4.047404396794051173e+00 8.522422315093822753e-01
3.080325470126445975e+00 7.121131862547520619e-01
4.260425680835843387e+00 -1.143182805289175041e+00
5.314221236405416882e+00 -7.052009911973488032e-01
4.569589314312426431e+00 1.244980587043659881e+00
4.392385768295360426e-01 8.327624090748821928e-01
6.271246061171344977e+00 8.497287060339631104e-01
1.286296662045866013e+00 2.700468932653694587e-01
1.133599989414138864e+00 -9.706921195385204149e-01
1.243566728963736656e+00 1.564198322421920917e+00
1.503088234300787196e+00 5.864369124837836011e-01
3.747038102481435651e+00 1.460201205876443975e+00
4.847962260715122262e+00 1.475282358728960297e+00
6.101583091580536911e-01 -4.802404611473145568e-01
2.604640773903328821e+00 1.508586571278267119e+00
2.314328581492390846e+00 -1.484708079261782832e+00
5.993501496137503715e+00 2.653340329989579693e-01
1.963063396302533015e+00 -1.544404309302993106e+00
4.296243418860569818e+00 1.107993448633303846e+00
2.874216381142057131e+00 -8.814619651611325102e-01
2.751682014215362404e+00 -2.042239448778238042e-03
5.910555155448664166e+00 1.282055087806095894e+00
1.027403538077670264e+00 6.125147392912593247e-01
5.365120127282659190e+00 -9.882867978664560127e-01
1.268073602349075513e+00 -1.880431246298119863e-01
2.236409291754390516e+00 1.542204974512001225e+00
4.744279334854073493e-01 -4.414379116205280340e-02
5.375174229184336738e+00 3.408968926037547753e-02
3.668490431374580307e+00 -6.582294838754476629e-02
2.034070490983130419e+00 8.852322533742618127e-01
1.222830143791526769e+00 4.431659603848787654e-01
4.267966257262101770e+00 1.453131915476828517e-01
2.339463836246584716e+00 2.128641886995785715e-01
3.250616821086108832e+00 -3.677601961222973781e-01
9.953560882660731357e-01 -7.133699489924617554e-01
4.643738315837298014e-01 -1.112706308899715113e+00
2.416754744615730477e+00 1.438522048650952012e+00
4.505494414689232285e-01 -9.999118531902706497e-01
4.444541421910312984e+00 4.037350294892383396e-02
5.141416359970334859e+00 -1.830160736789732123e-01
9.714775962495890704e-01 8.750210561303717327e-02
4.272364926844085531e+00 6.652987742750662292e-01
5.404079772151659800e-02 -2.618779354702562845e-01
4.827225675542912597e+00 8.330765997593099215e-01
4.225236324179972414e+00 -8.302488835994626948e-01
2.779330794444975439e+00 -6.781805923365904487e-01
1.855610182228354832e+00 -5.336528774999762526e-01
3.304029237438770306e+00 -6.263391294060658421e-01
6.102839854318246715e+00 -4.117468919421365392e-01
3.944349852301856529e+00 -5.163723898564680503e-01
1.506230141145061374e+00 7.824918995664948973e-01
3.799822137465242555e+00 9.782326959647789089e-01
1.286925043414720804e+00 -1.182927926869243862e-01
5.133875783544076254e-01 -1.094169058518497328e+00
1.420770274980802661e+00 5.451208374815785795e-02
5.602019903340935691e+00 9.873442258131741589e-01
2.387849201648407638e-01 7.036300377752118251e-01
1.417628368136528483e+00 -6.084302603937027376e-01
2.626634121813248512e+00 -1.427839565380419451e+00
9.595383502413470378e-01 3.972941204584752306e-01
5.529756045922628455e-02 -1.110506974108723233e+00
5.619614581668870734e+00 -3.112058729253615041e-01
4.961699288477849024e+00 -1.261632693318313292e+00
3.177724582298946832e+00 -2.266885788143848668e-01
3.190292209676043544e+00 -1.356518280015394762e+00
1.642588898186562618e+00 6.932617451891069926e-01
1.885144106564532462e-01 1.019548770966984819e-01
5.301025227659465600e+00 7.890899039394705383e-01
2.806979574674588918e+00 -6.257107480372109398e-01
4.388615480082231457e+00 5.732409037378318750e-01
4.576501509369830245e+00 8.776916769480034297e-01
3.053305071265687509e+00 1.479681028310944502e+00
4.444541421910312984e+00 3.218883561958940653e-01
5.466289527668289239e+00 7.548431193368814185e-01
2.657424808887135725e+00 -1.261632693318313292e+00
7.703955582160388893e-01 2.263743881299575822e-01
1.262418170029381947e+00 -9.867158444443189236e-01
4.445798184648022122e+00 6.299523222769831676e-02
3.681058058751677020e+00 -7.399190618265771846e-02
2.142780467795018406e+00 7.171402372055908359e-01
3.014973807765542357e+00 -1.355889898646539748e+00
4.464649625713667191e+00 4.362537653274758398e-01
1.033687351766218621e+00 2.116074259618687670e-01
5.490168019684773526e+00 1.168318060043369133e+00
8.382607460523621157e-01 1.517069719757807356e+00
1.445277148366141615e-02 5.261123010737183137e-01
6.277529874859893333e+00 -1.451089676028048725e+00
4.862415032198783571e+00 -4.101759385199994501e-01
2.299247428639874524e+00 -2.081513284331670821e-01
1.496176039243383826e+00 -1.094954535229564208e-01
3.758348967120822781e+00 1.280169943699531299e+00
3.975768920744598756e+00 1.569225373372759691e+00
2.828344541215653596e+00 -4.070340316757252719e-01
3.698652737079612507e+00 -1.155750432666271976e+00
4.299385325704843552e+00 1.908708407896591019e-01
4.646880222681572192e+00 -1.129515510516581056e-01
1.250478924021139804e+00 -7.116419002281104689e-02
3.503226131365756224e+00 3.966657390896204394e-01
3.660949854948321924e+00 -8.707794818906001710e-01
4.323263817721327840e-01 9.430433393089074912e-01
4.260425680835843165e-01 1.462557636009651496e-01
4.208270027220891052e+00 6.872921221849859208e-01
5.690621676349468139e+00 -3.969799297740477240e-01
4.081965372081067578e+00 -1.083172384563537483e+00
3.859518367506452829e+00 1.402390119941798297e+00
6.931046498468931283e-01 -7.337923434802441358e-01
5.728952939849613735e+00 1.310332249404563942e+00
5.309194185454578552e+00 -1.135642228862916880e+00
3.168927243134978866e+00 1.189054645215578798e+00
1.096525488651703073e+00 -1.194710077535272363e+00
3.405827019193255478e-01 5.116595295900570051e-01
3.618848303235047581e+00 8.930870204849474803e-01
9.526261551839436681e-01 -7.733803697180993142e-01
5.630297064939403517e-01 4.698721685612099463e-01
5.684337862660919782e+00 5.638151832050088963e-01
4.675157384280040351e-01 2.134925700684333627e-01
8.671662890196849549e-01 -4.610748293972417589e-01
5.757230101448081783e+00 -6.646703929062113270e-01
6.207151161548150498e+00 5.487340303524925744e-01
2.758594209272765774e+00 9.119384615505925495e-01
3.743896195637161473e+00 -2.772732790071998910e-01
1.600487346473288053e+00 -6.175417902420979877e-01
2.443775143476488942e+00 1.415900319372177751e+00
5.066638977076608263e+00 9.417865765711979087e-01
4.913942304444881337e+00 -6.056025442338559550e-01
1.919076700482694076e+00 -1.259747549211748696e+00
2.850966270494427857e+00 7.749513231402365143e-01
3.089122809290413940e+00 -1.112392118215287828e+00
7.213818114453610653e-01 -6.052883535494285594e-01
3.479347639349271937e+00 -6.147140740822512051e-01
1.149937905004364824e-01 -4.730140754054839025e-01
4.869955608625042287e-01 9.122526522350202782e-01
3.096663385716671879e+00 -5.038047624793711154e-01
2.921344983806170248e+00 2.874844762510919693e-02
2.647999088354313191e+00 3.140335890852083978e-01
1.148052760897800173e+00 2.932970039129985107e-01
5.820696619702421692e+00 6.467615238938484445e-01
6.042515242908181428e+00 -7.227956695252844010e-01
4.414379116205280340e+00 1.024418726575609728e+00
4.044262489949776551e+00 -5.235987755982987046e-01
1.947982243450016859e-01 -8.657524309397613971e-01
3.828727680432565172e+00 1.280484134383958583e+00
5.180376004839335025e+00 -5.053757159015082046e-01
4.963584432584413619e+00 1.145067949395739859e+00
2.030300202770001228e+00 -9.958273742927141736e-01
4.754333436755750597e+00 -1.282369278490523179e+00
3.091636334765833105e+00 -4.519632995488465088e-01
6.157509033408617327e+00 -8.456442271364064123e-01
1.134856752151848447e+00 -1.124959745592384763e+00
3.769659831760209912e+00 -1.547232025462839999e+00
5.208024785068948503e+00 -9.958273742927141736e-01
5.501478884324160212e+00 -1.387937348458136988e+00
5.485769350102789765e+00 1.509214952647122132e+00
6.104724998424810423e+00 -1.380710962716306112e+00
4.686468248919427815e+00 4.689295965079276485e-01
2.560025696714634869e+00 -7.227956695252844010e-01
2.964074916888299605e+00 1.265088790847014977e+00
5.350038974430143313e+00 1.012793671251795313e+00
1.721764950662272975e+00 -7.523295938614620315e-01
1.205235465463591060e+00 1.324156639519370238e+00
1.950495768925436302e+00 -5.606732763607344960e-01
1.227228813373510530e+00 -1.481566172417508653e+00
1.696001314539224314e+00 1.266345553584724559e+00
4.223979561442262387e+00 3.303715046754343021e-01
1.286296662045866013e+00 1.145067949395739859e+00
6.224745839876086428e+00 -4.445798184648008800e-02
4.278648740532633887e+00 -2.807293765359015758e-01
3.769659831760209912e+00 1.509686238673764169e-01
4.262310824942407983e+00 3.988650738806123197e-01
3.204116599790850284e+00 -1.261946884002740799e+00
3.224224803594205380e+00 -9.320466653539475343e-01
3.188407065569479393e+00 1.949553196872155780e-01
3.480604402086981519e+00 -9.515264877884476169e-01
1.903995547630177754e+00 7.755797045090915276e-01
3.851349409711339877e+00 -6.423628543118643508e-01
2.958419484568606261e+00 1.157949767457264301e+00
2.934540992552122085e-01 8.373181739990798178e-02
2.938311280765251166e+00 -1.308604200640210991e-01
5.624641632619709952e+00 -5.572171788320330332e-01
3.892822580055759651e+00 -1.564198322421920695e+00
5.250126336782222403e+00 -6.910624103981147792e-01
5.764770677874340166e+00 7.036300377752118251e-01
3.035082011568897009e+00 6.040315908117190880e-01
1.901482022154758367e+00 2.530805963062885411e-01
2.105077585663727990e-01 -1.392964399408975762e+00
4.672643858804621075e+00 -2.917260504908611995e-01
7.703955582160388893e-01 -2.750739442162080106e-01
2.857878465551831226e+00 -6.445621891028563422e-01
5.990359589293229092e+00 -5.512475558279119614e-01
1.322742781439447013e+00 8.849180626898345281e-01
6.060738302604971928e+00 -1.417471272794314618e+00
4.869955608625042287e-01 -5.107169575367744851e-01
3.960059386523227865e+00 7.023732750375022427e-01
5.077949841715995838e+00 -7.960020989968736860e-01
5.150842080503157838e+00 -1.588233909780618625e-01
5.124450063011254386e+00 2.670620817633251320e-03
2.866675804715799192e+00 1.117104978481699096e+00
5.291599507126642621e+00 -1.183713403580312518e+00
4.294358274754005222e+00 -5.631868018361538830e-01
3.374407950750513141e+00 7.611269330254302190e-01
5.958940520850487310e+00 1.505758855118420225e+00
1.044369835036750960e+00 -6.268104154327058808e-02
1.885772487933387254e+00 1.336095885527612381e+00
7.609698376832162436e-01 4.928080885244114917e-01
2.557512171239215704e+00 1.498532469376589571e+00
2.453200864009311477e+00 5.562746067787509574e-01
5.202997734118109951e-01 5.184146293052638299e-03
2.857250084182976213e+00 8.905734950095278712e-01
3.750808390694564842e+00 -1.045469502432246900e+00
3.753321916169984007e+00 2.901550970687243325e-01
4.878752947789010364e+00 1.526181249606202606e+00
5.381458042872885095e+00 -1.458001871085452095e+00
2.108219492508002002e+00 -1.867863618921024038e-01
1.969975591359936384e+00 1.526181249606202606e+00
7.590846935766517589e-01 2.222899092324011061e-01
2.394133015336956216e+00 5.430785980327992313e-01
2.726546759461168534e+00 1.100138681522618622e+00
1.337195552923108322e+00 1.023161963837900146e+00
3.260670922987786380e+00 7.796641834066480037e-01
2.945851857191509549e+00 -8.085697263739706209e-01
1.249222161283430221e+00 1.446691006446064964e+00
1.929130802384371457e-01 4.814972238850243613e-01
6.166306372572585737e+00 -2.489961174087318430e-01
6.113522337588778832e+00 6.898056476604050857e-01
2.309929911910407085e+00 -1.227385908715724172e+00
1.660811957883353118e+00 1.038400212032630776e-01
4.543197296820522979e+00 1.238068391986256955e+00
3.748923246588000247e+00 5.829808149550816943e-01
2.708952081133233047e+00 1.324785020888225251e+00
2.079313949540679385e+00 1.173973492363062476e+00
2.946480238560364118e+00 -1.280484134383958583e+00
2.331923259820326777e+00 1.523824819472996417e-02
2.891811059469992617e+00 -1.147267284186731739e+00
1.147424379528945382e+00 2.592073146526230332e-02
1.024890012602250877e+00 1.127473271067804372e+00
8.470580852163298591e-01 5.217136314917345530e-01
7.257804810273449370e-01 -6.440909030761998721e-03
4.083222134818777604e+00 1.547232025462839999e+00
5.824466907915549996e+00 6.618426767463647664e-01
3.603767150382531259e+00 -1.534350207401315558e+00
2.400416829025504573e+00 -1.003053760034544828e+00
3.919842978916517673e+00 -1.354318945224402659e+00
8.778487722902172941e-01 -4.180307056306848956e-01
2.319984013812084633e+00 -1.039185688743698321e+00
5.011341416617382194e+00 6.338797058323240030e-01
6.247995950523715258e+00 1.511728478122541297e+00
3.814903290317758877e+00 1.149152428293296335e+00
3.104203962142930151e-01 4.880952282580004464e-01
3.129967598265978701e+00 2.288879136053769692e-01
5.395910814356546403e+00 -5.367947843442504308e-01
3.575489988784062989e-01 -5.760686198976783245e-01
5.898615909440422023e+00 8.842896813209795148e-01
3.777200408186468295e+00 1.358874710148600951e-01
5.234416802560851956e+00 -1.096996774678344000e+00
5.473201722725692386e-01 1.419670607585306499e+00
4.771928115083686528e+00 7.463599708573411817e-01
4.304412376655682437e-01 1.278284799592966703e+00
2.523579577321053868e+00 7.752655138246642430e-01
2.653026139305151965e+00 -8.132825866403819992e-01
4.543197296820522979e+00 1.465699542853924342e-01
1.474182691333464357e+00 -3.781284887084024326e-01
6.045028768383600148e-01 1.370028479445774217e+00
2.759222590641620787e+00 5.166865805408957790e-01
6.145569787400375628e-01 -1.398619831728669327e+00
5.453093518922337068e+00 1.254406307576482860e+00
1.334682027447688935e+00 3.636757172247411241e-01
3.012460282290122748e+00 3.555067594296281719e-01
3.225481566331914962e+00 -8.783200583168583320e-01
6.144941406031520614e+00 -1.072175710608577859e+00
1.174444778389703625e+00 1.046726265169956704e+00
1.036829258610492827e-01 -9.810604121246253584e-01
4.418149404418409532e+00 4.290273795856449635e-01
1.548331692858335940e+00 -8.374752693412934601e-01
4.514291753853200362e+00 -8.073129636362609274e-01
5.205511259593528450e+00 -6.373358033610255768e-01
2.505984898993118382e+00 9.414723858867701800e-01
5.056584875174930716e+00 -1.439150430019806803e+00
1.721764950662272864e-01 1.233355531719845466e+00
2.913804407379912309e+00 -8.252218326486240318e-01
3.098548529823236475e+00 -1.008080810985383602e+00
4.146688653073116626e+00 3.690169588600074047e-01
2.833371592166492370e+00 2.904692877531518391e-01
6.235428323146618546e+00 1.557600318048944832e+00
4.366622132172311765e+00 1.429096328118129478e+00
3.589314378898869951e+00 -1.291480808338918429e+00
1.385580918324931243e+00 3.360269369951280893e-01
7.383481084044418719e-01 -1.340180364425168857e+00
1.414486461292254083e+00 -4.403382442250318718e-01
4.840421684288864768e+00 -5.591023229385974069e-01
4.448940091492296744e+00 -1.506701427171702523e+00
6.012352937203148784e+00 -5.072608600080728003e-01
1.382439011480657065e+00 -3.099491101876516996e-01
4.179992865622423004e+00 -4.098617478355719435e-01
1.968090447253371789e+00 -1.257862405105184100e+00
7.006452262731511782e-01 -6.819508805497195292e-01
2.078057186802969358e+00 5.333386868155489680e-01
1.419513512243092856e+00 1.350548657011273690e+00
8.168957795112972986e-03 -1.453289010819040605e+00
5.582540080906435165e+00 1.102338016313610503e+00
5.628411920832839144e+00 -1.431138567566907494e-01
7.301791506093289197e-01 9.549825853171496348e-01
5.474458485463402191e+00 9.194790379768509325e-01
6.191441627326779162e+00 -1.296036573263115166e-01
2.450687338533892243e-02 -1.309389677351281422e+00
6.018636750891697140e+00 -6.995455588776551270e-01
8.326053137326684395e-01 7.529579752303172668e-01
4.173709051933874647e+00 -1.035415400530569352e+00
2.134611509999905454e+00 1.109878592739868441e+00
2.493417271616021669e+00 -1.064006752813464907e+00
4.427575124951231622e+00 -6.153424554511059963e-01
2.944595094453799522e+00 5.704131875779849814e-01
4.832252726493751815e+00 -6.521027655291143921e-01
4.737367139796670124e+00 -1.404589454732790177e+00
1.813508630515080267e+00 -1.094797439887352120e+00
1.929130802384371624e+00 9.864016537598918610e-01
5.956426995375067257e+00 7.834344716197771952e-01
5.083605274035688737e+00 -1.152922716506425083e+00
1.707312179178611444e+00 1.077831142928271646e+00
4.733596851583540932e+00 -1.204135798068095120e+00
3.365610611586545176e+00 -3.220454515381065974e-02
2.293591996320181181e+00 7.240524322629942056e-01
4.259797299466988818e+00 -2.832429020113209628e-01
5.757230101448081783e+00 -1.031330921633012876e+00
2.422410176935424264e+00 5.198284873851699572e-01
1.939184904286048949e+00 9.499555343663108609e-01
7.113277095436835173e-01 1.902424594208040887e-01
5.360721457700675430e+00 1.225500764609159798e+00
1.932901090597500593e+00 3.627331451714588262e-01
3.949376903252695303e+00 1.529008965766049499e+00
7.352062015601676381e-02 -1.430353090855838838e+00
2.567566273140893252e+00 -1.183713403580312518e+00
1.653271381457094957e+00 -1.260690121265030994e+00
7.408616338798612588e-01 -1.395477924884394927e+00
5.307937422716868525e+00 -4.296557609544995326e-01
5.913697062292937900e+00 6.175417902420980987e-01
1.785859850285467010e+00 -7.922318107837447165e-01
2.056692220261904680e+00 5.050615252170809200e-01
1.826704639261031993e+00 -1.032587684370722680e+00
8.501999920606041483e-01 -1.045469502432246900e+00
5.197970683167270955e+00 -1.023790345206754715e+00
6.215320119343263450e+00 6.162850275043885162e-01
2.028415058663437076e+00 7.249950043162765034e-01
4.771928115083686528e+00 -1.999823706380541299e-01
1.614311736588094570e+00 1.368457526023636905e+00
2.481478025607779525e+00 -2.731888001096434149e-01
5.079206604453704976e+00 -1.184341784949167309e+00
6.066393734924665715e+00 4.551052063931209091e-01
4.245972909352182079e+00 -1.114591453006279709e+00
5.644749836423065048e+00 -5.898930100124848419e-01
6.082103269146036162e+00 1.156064623350699705e+00
2.783729464026959644e+00 1.099824490838190894e+00
5.419789306373030691e+00 1.204135798068095120e+00
4.159884661819067908e+00 -1.521468389339791338e+00
4.643738315837298014e-01 6.078018790248482794e-01
2.962189772781735453e+00 -2.543373590439981236e-01
1.345364510718221274e+00 9.464994368376089540e-01
2.583275807362264143e+00 -1.685633021953119037e-01
3.816160053055468460e+00 2.405129689291916062e-01
3.116771589520027086e-01 -1.287710520125789238e+00
2.614694875805006369e+00 -4.414379116205280340e-02
4.974895297223801194e+00 -2.816719485891838737e-01
1.711710848760595427e+00 1.578808189247797866e-01
4.203871357638907513e-01 -1.272943557957700422e+00
2.035955635089695126e-01 4.676728337702176219e-01
2.785614608133524239e+00 -5.829808149550815832e-01
4.017242091089018530e+00 -4.796120797784597656e-01
4.553879780091055096e+00 -1.195652649588554661e+00
2.237037673123245085e+00 -3.671318147534425869e-01
5.775453161144872283e+00 -3.471807062923004672e-02
4.461507718869393457e+00 -1.001168615927980454e+00
4.675157384280040351e-01 1.017192340833779074e+00
5.321133431462819807e+00 1.536235351507880154e+00
4.555136542828765123e+00 -1.045155311747819393e+00
3.936809275875598590e+00 1.121189457379255572e+00
5.810014136431888687e+00 7.768364672468011101e-01
3.565435886882385663e+00 8.632389054643421211e-01
1.703541890965482475e+00 9.072256012841815043e-01
5.090517469093092551e+00 -4.142604174175559262e-01
2.827716159846798694e-01 4.728569800632720366e-02
4.207641645852036483e+00 -8.205089723822126535e-01
1.295722382578688547e+00 9.961415649771416803e-01
6.129231871810150167e+00 -4.940648512621210742e-01
9.092678407329595203e-01 -7.608127423410024903e-01
2.559397315345780299e+00 -2.945537666507080932e-01
1.731190671195095510e+00 3.545641873763458740e-01
4.342743640155827478e+00 -9.750907891205042866e-01
9.928425627906537487e-01 -1.016406864122709752e-01
1.308290009955785482e+00 -1.082386907852468383e-01
4.009701514662760147e+00 -2.191480023881267059e-01
2.862905516502670000e+00 -1.569539564057186976e+00
1.866292665498887171e+00 -1.869434572343142698e-02
4.302527232549118175e+00 7.133699489924620885e-01
6.178245618580827880e+00 -1.106108304526739250e+00
2.762364497485894965e+00 4.634312595304490578e-02
2.499701085304570025e+00 -4.227435658970963850e-01
4.530629669443426266e+00 1.294308524498765323e+00
1.555872269284594100e+00 1.451403866712476454e+00
5.169693521568802907e+00 -3.234593096180309324e-01
3.429705511209739210e+00 -1.445748434392782666e+00
3.829356061801420186e+00 8.940295925382297781e-01
3.503854512734610793e+00 -1.179314733998328535e+00
4.013471802875889338e+00 1.389822492564701584e+00
4.851732548928251454e+00 -9.895435606041657062e-01
3.628274023767870116e+00 1.027874824104311191e+00
6.403206148630862238e-01 -1.275771274117547316e+00
5.624013251250855605e-01 -2.681617491588046409e-01
5.376430991922046765e+00 1.046726265169956704e+00
5.509019460750418595e+00 -1.321171828017309036e-01
5.392140526143417212e+00 -8.827187278988422037e-01
4.587183992640362362e-01 -2.643914609456756715e-01
3.492543648095223663e+00 -8.720362446283098645e-01
4.264195969048972579e+00 -1.075631808137279322e+00
3.403941875086690771e+00 -1.478267170231020167e-01
6.259306815163102833e+00 4.720715033522018267e-01
4.159884661819067908e+00 -8.462726085052613145e-01
3.505111275472320820e+00 -6.558730537422434725e-01
3.930525462187050234e+00 -8.110832518493900078e-01
4.529372906705716240e+00 9.521548691573027412e-01
