2.070622332394123077e-02 1.338085712632164359e-05 1.405300199985504150e-02 2.890000104904174805e+00 3.535871267318725586e+00 1.969543546438217163e-01 3.829999923706054688e+00 1.649999976158142090e+00 1.586000061035156250e+02 7.400000095367431641e+00 5.719999790191650391e+00 1.691999969482421875e+02 2.450019713368055876e+06 2.452482942812500522e+06
2.056332305073738098e-02 5.832308306708000600e-05 1.405300199985504150e-02 2.470000028610229492e+00 2.458873987197875977e+00 1.881043314933776855e-01 1.720000028610229492e+00 0.000000000000000000e+00 8.880000305175781250e+01 6.079999923706054688e+00 5.670000076293945312e+00 1.700000047683715820e+00 2.450019713368055876e+06 2.452482942812500522e+06
1.436122320592403412e-02 9.735058847581967711e-05 1.405300199985504150e-02 5.369999885559082031e+00 5.411952972412109375e+00 9.766555577516555786e-02 1.019999980926513672e+00 0.000000000000000000e+00 6.790000152587890625e+01 6.369999885559082031e+00 5.469999790191650391e+00 3.299999952316284180e+00 2.450019713368055876e+06 2.452482942812500522e+06
2.052121795713901520e-02 1.104890397982671857e-04 1.405300199985504150e-02 3.660000085830688477e+00 3.466803789138793945e+00 1.854878962039947510e-01 1.720000028610229492e+00 0.000000000000000000e+00 4.259999847412109375e+01 6.420000076293945312e+00 5.090000152587890625e+00 1.750000000000000000e+01 2.450019713368055876e+06 2.452482942812500522e+06
1.515614800155162811e-02 1.381719048367813501e-04 1.405300199985504150e-02 7.929999828338623047e+00 1.222541713714599609e+01 1.010255813598632812e-01 6.920000076293945312e+00 1.610000014305114746e+00 9.899999618530273438e+00 9.409999847412109375e+00 5.659999847412109375e+00 7.900000095367431641e+00 2.450019713368055876e+06 2.452482942812500522e+06
1.567334681749343872e-02 1.757934369379654527e-04 3.388951420783996582e-01 8.299999833106994629e-01 8.757931709289550781e+00 1.039569973945617676e-01 2.056999969482421875e+01 1.604000091552734375e+01 1.463000030517578125e+02 2.145999908447265625e+01 1.703000068664550781e+01 1.481000061035156250e+02 2.450019713368055876e+06 2.452482942812500522e+06
3.808235749602317810e-03 4.179094103164970875e-04 1.405300199985504150e-02 1.259999990463256836e+00 9.481188058853149414e-01 1.067463606595993042e-01 0.000000000000000000e+00 0.000000000000000000e+00 6.740000152587890625e+01 5.539999961853027344e+00 4.670000076293945312e+00 1.250000000000000000e+01 2.450019711388889235e+06 2.452482940960648470e+06
8.456120267510414124e-04 1.068965648300945759e-03 1.405300199985504150e-02 1.047999954223632812e+01 1.063366603851318359e+01 9.359619766473770142e-02 1.110000014305114746e+00 0.000000000000000000e+00 3.220000076293945312e+01 6.469999790191650391e+00 5.420000076293945312e+00 2.900000095367431641e+00 2.450015719965278171e+06 2.452489920138889458e+06
2.062833681702613831e-02 1.482657156884670258e-03 1.405300199985504150e-02 1.281999969482421875e+01 2.098930740356445312e+01 1.653193384408950806e-01 5.769999980926513672e+00 3.349999904632568359e+00 6.170000076293945312e+01 8.159999847412109375e+00 6.940000057220458984e+00 4.559999847412109375e+01 2.450019713368055876e+06 2.452482942812500522e+06
1.490278448909521103e-02 1.486826571635901928e-03 1.616195589303970337e-01 1.230000019073486328e+00 1.154693841934204102e+00 1.033830568194389343e-01 3.400000095367431641e+00 0.000000000000000000e+00 8.090000152587890625e+01 6.420000076293945312e+00 5.039999961853027344e+00 7.419999694824218750e+01 2.450015721921296790e+06 2.452489921979167033e+06
3.928299993276596069e-03 1.499965088441967964e-03 1.405300199985504150e-02 2.650000095367431641e+00 2.462291717529296875e+00 1.057015359401702881e-01 0.000000000000000000e+00 0.000000000000000000e+00 3.350000000000000000e+01 6.309999942779541016e+00 5.079999923706054688e+00 8.000000000000000000e+00 2.450019711388889235e+06 2.452482940960648470e+06
2.064266428351402283e-02 1.548640313558280468e-03 1.405300199985504150e-02 2.184000015258789062e+01 2.718113899230957031e+01 1.642454564571380615e-01 3.339999914169311523e+00 2.259999990463256836e+00 7.100000000000000000e+01 6.869999885559082031e+00 6.260000228881835938e+00 1.400000000000000000e+01 2.450019713368055876e+06 2.452482942812500522e+06
1.497776154428720474e-02 1.563815050758421421e-03 1.673539727926254272e-01 8.600000143051147461e-01 7.472130656242370605e-01 1.040379852056503296e-01 3.849999904632568359e+00 0.000000000000000000e+00 1.668999938964843750e+02 7.440000057220458984e+00 4.000000000000000000e+00 1.706999969482421875e+02 2.450015721921296790e+06 2.452489921979167033e+06
2.693479182198643251e-03 1.760891755111515522e-03 1.405300199985504150e-02 1.889999985694885254e+00 1.417500019073486328e+00 1.035027429461479187e-01 0.000000000000000000e+00 0.000000000000000000e+00 8.790000152587890625e+01 5.409999847412109375e+00 4.780000209808349609e+00 1.799999952316284180e+00 2.450015719965278171e+06 2.452489920138889458e+06
2.065080776810646057e-02 1.763849169947206974e-03 1.405300199985504150e-02 1.980000019073486328e+00 1.430635929107666016e+00 1.587030887603759766e-01 0.000000000000000000e+00 0.000000000000000000e+00 5.309999847412109375e+01 5.789999961853027344e+00 4.289999961853027344e+00 2.870000076293945312e+01 2.450019713368055876e+06 2.452482942812500522e+06
1.265916414558887655e-02 2.239112043753266335e-03 4.113472625613212585e-02 1.320000052452087402e+00 6.538317203521728516e-01 1.028027608990669250e-01 0.000000000000000000e+00 0.000000000000000000e+00 8.969999694824218750e+01 4.500000000000000000e+00 3.809999942779541016e+00 3.000000119209289551e-01 2.450015721921296790e+06 2.452489921979167033e+06
2.887138165533542633e-03 2.259861910715699196e-03 1.016081795096397400e-01 8.399999737739562988e-01 6.549152731895446777e-01 1.063722148537635803e-01 3.369999885559082031e+00 0.000000000000000000e+00 1.729999923706054688e+01 7.179999828338623047e+00 3.779999971389770508e+00 1.210000038146972656e+01 2.450015719965278171e+06 2.452489920138889458e+06
9.480773471295833588e-03 2.315809484571218491e-03 3.816981017589569092e-01 8.000000119209289551e-01 4.945454597473144531e-01 1.058133542537689209e-01 0.000000000000000000e+00 0.000000000000000000e+00 5.520000076293945312e+01 5.429999828338623047e+00 3.940000057220458984e+00 2.879999923706054688e+01 2.450015721921296790e+06 2.452489921979167033e+06
1.298757642507553101e-02 2.476525260135531425e-03 4.113472625613212585e-02 9.499999880790710449e-01 1.099285721778869629e+00 1.031042560935020447e-01 4.750000000000000000e+00 0.000000000000000000e+00 3.779999923706054688e+01 7.760000228881835938e+00 5.170000076293945312e+00 2.779999923706054688e+01 2.450015721921296790e+06 2.452489921979167033e+06
1.562098786234855652e-02 2.990718698129057884e-03 1.405300199985504150e-02 2.640000104904174805e+00 4.672468185424804688e+00 1.097705960273742676e-01 7.679999828338623047e+00 1.809999942779541016e+00 5.900000000000000000e+01 9.579999923706054688e+00 6.369999885559082031e+00 5.320000076293945312e+01 2.450015721921296790e+06 2.452489921979167033e+06
1.879988610744476665e-02 3.116285428404808044e-03 1.405300199985504150e-02 1.014000034332275391e+01 1.880360031127929688e+01 9.747742861509323120e-02 7.800000190734863281e+00 2.869999885559082031e+00 1.358000030517578125e+02 9.840000152587890625e+00 6.519999980926513672e+00 1.420000000000000000e+02 2.450019713368055876e+06 2.452476959259259980e+06
1.872847415506839752e-02 3.139459528028964996e-03 1.405300199985504150e-02 7.139999866485595703e+00 1.629039192199707031e+01 9.761594980955123901e-02 9.720000267028808594e+00 3.680000066757202148e+00 1.376999969482421875e+02 1.143000030517578125e+01 6.900000095367431641e+00 1.418000030517578125e+02 2.450019713368055876e+06 2.452476959259259980e+06
1.275348477065563202e-02 3.229634836316108704e-03 3.184941112995147705e-01 8.000000119209289551e-01 6.109091043472290039e-01 1.086384877562522888e-01 0.000000000000000000e+00 0.000000000000000000e+00 9.619999694824218750e+01 5.329999923706054688e+00 4.920000076293945312e+00 1.676999969482421875e+02 2.450015721921296790e+06 2.452489921979167033e+06
9.485573507845403499e-03 3.264541504904628234e-03 4.113472625613212585e-02 8.700000047683715820e-01 9.962902665138244629e-01 1.047904118895530701e-01 5.070000171661376953e+00 0.000000000000000000e+00 8.000000000000000000e+00 8.159999847412109375e+00 4.809999942779541016e+00 5.800000190734863281e+00 2.450015721921296790e+06 2.452489921979167033e+06
2.033512108027934681e-02 3.394859377294778824e-03 2.723346352577209473e-01 8.899999856948852539e-01 1.307187438011169434e+00 1.158141419291496277e-01 4.349999904632568359e+00 3.630000114440917969e+00 1.210999984741210938e+02 7.510000228881835938e+00 6.769999980926513672e+00 1.656000061035156250e+02 2.450019713368055876e+06 2.452476959259259980e+06
1.636428013443946838e-02 3.488234477117657661e-03 1.405300199985504150e-02 2.259999990463256836e+00 2.147562026977539062e+00 1.077562645077705383e-01 2.950000047683715820e+00 0.000000000000000000e+00 1.770000076293945312e+01 7.000000000000000000e+00 4.679999828338623047e+00 1.039999961853027344e+01 2.450015721921296790e+06 2.452489921979167033e+06
1.631926558911800385e-02 3.502875799313187599e-03 1.405300199985504150e-02 5.800000190734863281e+00 8.005044937133789062e+00 1.079627051949501038e-01 4.809999942779541016e+00 1.730000019073486328e+00 1.080999984741210938e+02 7.380000114440917969e+00 6.460000038146972656e+00 1.246999969482421875e+02 2.450015721921296790e+06 2.452489921979167033e+06
3.750203410163521767e-03 3.502972656860947609e-03 1.405300199985504150e-02 2.740000009536743164e+00 2.640964031219482422e+00 1.034578233957290649e-01 1.200000047683715820e+00 0.000000000000000000e+00 3.490000152587890625e+01 6.420000076293945312e+00 5.190000057220458984e+00 9.399999618530273438e+00 2.450015719965278171e+06 2.452489920138889458e+06
7.401868700981140137e-03 3.631157567724585533e-03 1.616195589303970337e-01 8.600000143051147461e-01 1.240655779838562012e+00 9.497017413377761841e-02 5.369999885559082031e+00 1.200000047683715820e+00 9.009999847412109375e+01 7.619999885559082031e+00 6.510000228881835938e+00 9.019999694824218750e+01 2.450019711388889235e+06 2.452476957407407928e+06
1.077682618051767349e-02 3.946286626160144806e-03 1.405300199985504150e-02 1.129999995231628418e+00 1.168522715568542480e+00 1.094703897833824158e-01 2.519999980926513672e+00 0.000000000000000000e+00 9.050000000000000000e+01 6.039999961853027344e+00 5.960000038146972656e+00 1.741999969482421875e+02 2.450015721921296790e+06 2.452489921979167033e+06
1.079078949987888336e-02 4.018232692033052444e-03 9.502205997705459595e-02 1.679999947547912598e+00 2.831328868865966797e+00 1.094325110316276550e-01 7.400000095367431641e+00 8.999999761581420898e-01 6.550000000000000000e+01 9.300000190734863281e+00 6.269999980926513672e+00 6.000000000000000000e+01 2.450015721921296790e+06 2.452489921979167033e+06
8.862418122589589900e-03 4.050036426633596420e-03 1.616195589303970337e-01 8.899999856948852539e-01 1.223749995231628418e+00 1.003721803426742554e-01 5.190000057220458984e+00 1.750000000000000000e+00 1.478000030517578125e+02 8.090000152587890625e+00 5.880000114440917969e+00 1.578999938964843750e+02 2.450015721921296790e+06 2.452489921979167033e+06
1.103258971124887466e-02 4.118104465305805206e-03 1.793411672115325928e-01 8.100000023841857910e-01 1.374107122421264648e+00 1.094264239072799683e-01 7.420000076293945312e+00 2.250000000000000000e+00 3.220000076293945312e+01 9.649999618530273438e+00 6.090000152587890625e+00 2.670000076293945312e+01 2.450015721921296790e+06 2.452489921979167033e+06
1.085049379616975784e-02 4.144526552408933640e-03 2.055475711822509766e-01 8.700000047683715820e-01 4.953386783599853516e+00 1.093477606773376465e-01 1.965999984741210938e+01 7.829999923706054688e+00 1.773000030517578125e+02 2.068000030517578125e+01 9.510000228881835938e+00 1.773999938964843750e+02 2.450015721921296790e+06 2.452489921979167033e+06
8.788532577455043793e-03 4.172937013208866119e-03 1.616195589303970337e-01 9.300000071525573730e-01 6.291176676750183105e-01 1.000691130757331848e-01 0.000000000000000000e+00 0.000000000000000000e+00 1.760000000000000000e+02 6.280000209808349609e+00 3.710000038146972656e+00 1.778999938964843750e+02 2.450015721921296790e+06 2.452489921979167033e+06
2.884156710933893919e-04 4.922458902001380920e-03 3.275290727615356445e-01 8.000000119209289551e-01 6.981818079948425293e-01 1.087499409914016724e-01 4.400000095367431641e+00 0.000000000000000000e+00 2.360000038146972656e+01 7.670000076293945312e+00 3.880000114440917969e+00 1.789999961853027344e+01 2.450015719965278171e+06 2.452489920138889458e+06
1.751488819718360901e-02 5.030959844589233398e-03 1.405300199985504150e-02 9.079999923706054688e+00 9.388493537902832031e+00 1.022459566593170166e-01 2.019999980926513672e+00 0.000000000000000000e+00 7.619999694824218750e+01 6.269999980926513672e+00 5.699999809265136719e+00 1.310000038146972656e+01 2.450013729687500745e+06 2.452491918634259608e+06
1.701943203806877136e-02 5.069987382739782333e-03 1.405300199985504150e-02 1.039999961853027344e+00 8.425316214561462402e-01 1.049957051873207092e-01 0.000000000000000000e+00 0.000000000000000000e+00 1.054000015258789062e+02 5.739999771118164062e+00 4.889999866485595703e+00 1.745000000000000000e+02 2.450013729687500745e+06 2.452491918634259608e+06
4.019638523459434509e-03 5.170101765543222427e-03 1.405300199985504150e-02 8.680000305175781250e+00 8.700592041015625000e+00 1.048291325569152832e-01 7.099999785423278809e-01 0.000000000000000000e+00 5.240000152587890625e+01 6.400000095367431641e+00 5.420000076293945312e+00 2.099999904632568359e+00 2.450013727719908115e+06 2.452491916782408021e+06
1.919447630643844604e-02 5.302892066538333893e-03 1.405300199985504150e-02 1.000000000000000000e+00 5.866667032241821289e-01 9.804238379001617432e-02 0.000000000000000000e+00 0.000000000000000000e+00 8.969999694824218750e+01 4.530000209808349609e+00 4.469999790191650391e+00 8.380000305175781250e+01 2.450013729687500745e+06 2.452491918634259608e+06
5.957026965916156769e-03 5.357190966606140137e-03 4.113472625613212585e-02 1.309999942779541016e+00 1.285282969474792480e+00 9.703166782855987549e-02 1.490000009536743164e+00 0.000000000000000000e+00 2.960000038146972656e+01 6.510000228881835938e+00 5.250000000000000000e+00 7.900000095367431641e+00 2.450013727719908115e+06 2.452491916782408021e+06
1.846020296216011047e-02 5.361263640224933624e-03 1.405300199985504150e-02 9.909999847412109375e+00 1.005362319946289062e+01 9.979567676782608032e-02 1.250000000000000000e+00 0.000000000000000000e+00 4.679999923706054688e+01 6.440000057220458984e+00 5.440000057220458984e+00 5.199999809265136719e+00 2.450013729687500745e+06 2.452491918634259608e+06
3.179989987984299660e-03 5.827605724334716797e-03 1.405300199985504150e-02 1.173999977111816406e+01 1.154586696624755859e+01 1.099275201559066772e-01 1.400000005960464478e-01 0.000000000000000000e+00 5.970000076293945312e+01 6.329999923706054688e+00 5.369999885559082031e+00 2.799999952316284180e+00 2.450013727719908115e+06 2.452491916782408021e+06
1.328290067613124847e-02 6.039372645318508148e-03 1.405300199985504150e-02 4.590000152587890625e+00 5.129377841949462891e+00 9.818488359451293945e-02 2.289999961853027344e+00 1.720000028610229492e+00 1.515000000000000000e+02 6.760000228881835938e+00 5.710000038146972656e+00 1.758000030517578125e+02 2.450015721921296790e+06 2.452489921979167033e+06
8.860745467245578766e-03 6.056583486497402191e-03 1.616195589303970337e-01 1.210000038146972656e+00 1.298229217529296875e+00 1.062610372900962830e-01 3.509999990463256836e+00 0.000000000000000000e+00 6.950000000000000000e+01 6.639999866485595703e+00 5.550000190734863281e+00 5.179999923706054688e+01 2.450013727719908115e+06 2.452491916782408021e+06
1.026304531842470169e-02 6.349119823426008224e-03 1.405300199985504150e-02 1.226000022888183594e+01 1.298477935791015625e+01 1.066238209605216980e-01 1.799999952316284180e+00 1.070000052452087402e+00 1.200000047683715820e+00 6.650000095367431641e+00 5.510000228881835938e+00 2.000000029802322388e-01 2.450013727719908115e+06 2.452491916782408021e+06
1.869902131147682667e-03 6.751079112291336060e-03 1.405300199985504150e-02 2.680999946594238281e+01 3.071642684936523438e+01 1.059441938996315002e-01 2.950000047683715820e+00 1.500000000000000000e+00 1.613000030517578125e+02 7.019999980926513672e+00 5.639999866485595703e+00 1.735000000000000000e+02 2.450013727719908115e+06 2.452491916782408021e+06
1.820378354750573418e-03 6.862634792923927307e-03 1.405300199985504150e-02 1.051000022888183594e+01 1.169826507568359375e+01 1.053714975714683533e-01 2.759999990463256836e+00 6.600000262260437012e-01 1.356999969482421875e+02 6.789999961853027344e+00 5.670000076293945312e+00 1.645000000000000000e+02 2.450013727719908115e+06 2.452491916782408021e+06
1.352564711123704910e-02 7.234098855406045914e-03 1.405300199985504150e-02 1.160000085830688477e+00 6.756043434143066406e-01 9.704446792602539062e-02 0.000000000000000000e+00 0.000000000000000000e+00 9.580000305175781250e+01 4.760000228881835938e+00 4.210000038146972656e+00 1.100999984741210938e+02 2.450015721921296790e+06 2.452489921979167033e+06
1.139540039002895355e-02 7.510539609938859940e-03 1.405300199985504150e-02 1.637999916076660156e+01 1.777123451232910156e+01 9.839002788066864014e-02 2.289999961853027344e+00 1.019999980926513672e+00 1.521999969482421875e+02 6.739999771118164062e+00 5.559999942779541016e+00 1.731000061035156250e+02 2.450013727719908115e+06 2.452491916782408021e+06
1.552244927734136581e-02 7.784895598888397217e-03 1.793411672115325928e-01 7.699999809265136719e-01 1.095769286155700684e+00 1.024740487337112427e-01 5.570000171661376953e+00 1.820000052452087402e+00 1.569999980926513672e+01 8.449999809265136719e+00 5.750000000000000000e+00 1.110000038146972656e+01 2.450013729687500745e+06 2.452491918634259608e+06
4.467024933546781540e-03 7.810978684574365616e-03 9.502205997705459595e-02 1.299999952316284180e+00 1.733333349227905273e+00 1.118496432900428772e-01 5.530000209808349609e+00 0.000000000000000000e+00 8.159999847412109375e+01 7.750000000000000000e+00 5.949999809265136719e+00 7.759999847412109375e+01 2.450013727719908115e+06 2.452491916782408021e+06
1.250222977250814438e-02 8.025120943784713745e-03 1.405300199985504150e-02 3.670000076293945312e+00 3.745116710662841797e+00 9.653250873088836670e-02 1.440000057220458984e+00 0.000000000000000000e+00 9.369999694824218750e+01 6.309999942779541016e+00 5.590000152587890625e+00 1.786000061035156250e+02 2.450013727719908115e+06 2.452491916782408021e+06
1.537424139678478241e-02 8.112047798931598663e-03 8.065050840377807617e-02 9.499999880790710449e-01 8.102143287658691406e+00 1.020824089646339417e-01 3.327000045776367188e+01 5.880000114440917969e+00 8.580000305175781250e+01 3.370000076293945312e+01 8.689999580383300781e+00 8.569999694824218750e+01 2.450013729687500745e+06 2.452491918634259608e+06
1.532275415956974030e-02 8.130131289362907410e-03 1.405300199985504150e-02 4.069999694824218750e+00 6.211544513702392578e+00 1.018308326601982117e-01 7.110000133514404297e+00 0.000000000000000000e+00 1.234000015258789062e+02 9.159999847412109375e+00 5.750000000000000000e+00 1.296000061035156250e+02 2.450013729687500745e+06 2.452491918634259608e+06
1.554913818836212158e-02 8.132361806929111481e-03 1.616195589303970337e-01 1.149999976158142090e+00 3.884444475173950195e+00 1.031338870525360107e-01 1.147000026702880859e+01 6.590000152587890625e+00 8.469999694824218750e+01 1.268999958038330078e+01 9.180000305175781250e+00 8.390000152587890625e+01 2.450013729687500745e+06 2.452491918634259608e+06
1.528363022953271866e-02 8.173619396984577179e-03 9.331628680229187012e-02 8.500000238418579102e-01 4.448333263397216797e+00 1.017162054777145386e-01 3.445000076293945312e+01 0.000000000000000000e+00 1.498999938964843750e+02 3.500000000000000000e+01 5.179999828338623047e+00 1.501000061035156250e+02 2.450013729687500745e+06 2.452491918634259608e+06
1.526028662919998169e-02 8.238147944211959839e-03 1.405300199985504150e-02 1.139999985694885254e+00 8.261796951293945312e+00 1.017585694789886475e-01 2.186000061035156250e+01 9.539999961853027344e+00 1.600000000000000000e+02 2.275000000000000000e+01 1.102000045776367188e+01 1.605000000000000000e+02 2.450013729687500745e+06 2.452491918634259608e+06
7.015569135546684265e-03 8.259383030235767365e-03 1.405300199985504150e-02 3.099999904632568359e+00 4.231228351593017578e+00 1.073512583971023560e-01 5.440000057220458984e+00 0.000000000000000000e+00 1.066999969482421875e+02 7.760000228881835938e+00 6.090000152587890625e+00 1.149000015258789062e+02 2.450013727719908115e+06 2.452491916782408021e+06
1.611666195094585419e-02 8.341752924025058746e-03 2.120388112962245941e-02 2.119999885559082031e+00 1.689197897911071777e+00 1.065810993313789368e-01 0.000000000000000000e+00 0.000000000000000000e+00 6.550000000000000000e+01 5.719999790191650391e+00 4.829999923706054688e+00 1.189999961853027344e+01 2.450013729687500745e+06 2.452491918634259608e+06
1.567051187157630920e-02 8.473282679915428162e-03 9.502205997705459595e-02 9.800000190734863281e-01 8.323287963867187500e-01 1.047137603163719177e-01 1.899999976158142090e+00 0.000000000000000000e+00 1.648999938964843750e+02 6.639999866485595703e+00 4.429999828338623047e+00 1.718999938964843750e+02 2.450013729687500745e+06 2.452491918634259608e+06
1.398517750203609467e-02 8.584159426391124725e-03 1.405300199985504150e-02 1.679999947547912598e+00 1.597762227058410645e+00 9.702692925930023193e-02 1.889999985694885254e+00 0.000000000000000000e+00 1.528000030517578125e+02 6.590000152587890625e+00 4.989999771118164062e+00 1.683999938964843750e+02 2.450010735590278171e+06 2.452519839687500615e+06
3.571525448933243752e-03 8.827341720461845398e-03 1.405300199985504150e-02 2.237999916076660156e+01 2.404863929748535156e+01 1.124485656619071960e-01 1.759999990463256836e+00 1.440000057220458984e+00 3.110000038146972656e+01 6.619999885559082031e+00 5.610000133514404297e+00 2.099999904632568359e+00 2.450013727719908115e+06 2.452491916782408021e+06
1.847794628702104092e-03 8.844795636832714081e-03 2.997123897075653076e-01 8.100000023841857910e-01 4.888928413391113281e+00 1.078421026468276978e-01 1.812999916076660156e+01 9.100000381469726562e+00 8.450000000000000000e+01 1.892000007629394531e+01 1.111999988555908203e+01 8.430000305175781250e+01 2.450010733622685540e+06 2.452519837835648563e+06
3.908810205757617950e-03 8.931140415370464325e-03 1.405300199985504150e-02 1.620000004768371582e+00 2.435912370681762695e+00 1.115795150399208069e-01 5.340000152587890625e+00 2.450000047683715820e+00 7.509999847412109375e+01 7.690000057220458984e+00 6.750000000000000000e+00 6.229999923706054688e+01 2.450013727719908115e+06 2.452491916782408021e+06
3.794636810198426247e-03 8.939042687416076660e-03 1.405300199985504150e-02 1.850000023841857910e+00 3.780937433242797852e+00 1.119354963302612305e-01 6.969999790191650391e+00 5.010000228881835938e+00 4.600000000000000000e+01 9.210000038146972656e+00 7.679999828338623047e+00 3.250000000000000000e+01 2.450013727719908115e+06 2.452491916782408021e+06
3.863795427605509758e-03 8.945976383984087163e-03 1.616195589303970337e-01 1.019999980926513672e+00 7.298961162567138672e+00 1.117118820548057556e-01 2.286000061035156250e+01 8.310000419616699219e+00 8.490000152587890625e+01 2.348999977111816406e+01 1.047999954223632812e+01 8.480000305175781250e+01 2.450013727719908115e+06 2.452491916782408021e+06
1.216814480721950531e-02 9.067228063941001892e-03 1.405300199985504150e-02 6.849999904632568359e+00 7.047196865081787109e+00 9.866800159215927124e-02 1.340000033378601074e+00 6.399999856948852539e-01 3.799999952316284180e+00 6.539999961853027344e+00 5.440000057220458984e+00 4.000000059604644775e-01 2.450010735590278171e+06 2.452519839687500615e+06
1.453590206801891327e-02 9.156530722975730896e-03 1.616195589303970337e-01 1.180000066757202148e+00 7.612903714179992676e-01 1.006888598203659058e-01 0.000000000000000000e+00 0.000000000000000000e+00 1.061999969482421875e+02 5.059999942779541016e+00 4.380000114440917969e+00 1.550000000000000000e+02 2.450010735590278171e+06 2.452519839687500615e+06
1.461109612137079239e-02 9.808847680687904358e-03 4.113472625613212585e-02 1.600000023841857910e+00 2.737777709960937500e+00 1.037241816520690918e-01 8.119999885559082031e+00 1.570000052452087402e+00 2.179999923706054688e+01 1.027000045776367188e+01 5.750000000000000000e+00 1.860000038146972656e+01 2.450010735590278171e+06 2.452519839687500615e+06
7.021677680313587189e-03 9.900089353322982788e-03 1.405300199985504150e-02 9.600000381469726562e+00 1.358374214172363281e+01 9.861002862453460693e-02 4.440000057220458984e+00 2.880000114440917969e+00 1.115999984741210938e+02 7.300000190734863281e+00 6.690000057220458984e+00 1.470000000000000000e+02 2.450013727719908115e+06 2.452491916782408021e+06
6.974408403038978577e-03 9.924281388521194458e-03 1.405300199985504150e-02 5.139999866485595703e+00 9.785971641540527344e+00 9.848793596029281616e-02 7.230000019073486328e+00 3.609999895095825195e+00 1.141999969482421875e+02 9.170000076293945312e+00 7.170000076293945312e+00 1.220000000000000000e+02 2.450013727719908115e+06 2.452491916782408021e+06
5.270748864859342575e-03 1.044676546007394791e-02 4.113472625613212585e-02 1.059999942779541016e+00 1.112345695495605469e+00 9.957747161388397217e-02 3.420000076293945312e+00 0.000000000000000000e+00 2.099999904632568359e+00 7.250000000000000000e+00 5.010000228881835938e+00 1.200000047683715820e+00 2.450013727719908115e+06 2.452491916782408021e+06
1.782926614396274090e-03 1.057625934481620789e-02 2.120388112962245941e-02 2.230000019073486328e+00 3.074697017669677734e+00 1.139075011014938354e-01 4.539999961853027344e+00 2.690000057220458984e+00 1.870000076293945312e+01 7.800000190734863281e+00 6.090000152587890625e+00 1.000000000000000000e+01 2.450010733622685540e+06 2.452519837835648563e+06
8.993536233901977539e-03 1.102878432720899582e-02 9.502205997705459595e-02 1.379999995231628418e+00 1.318938136100769043e+00 1.033375486731529236e-01 1.519999980926513672e+00 0.000000000000000000e+00 9.259999847412109375e+01 5.860000133514404297e+00 5.599999904632568359e+00 1.720000000000000000e+02 2.450010735590278171e+06 2.452519839687500615e+06
1.027453504502773285e-02 1.136485673487186432e-02 1.405300199985504150e-02 2.799999952316284180e+00 2.437647104263305664e+00 1.088590100407600403e-01 0.000000000000000000e+00 0.000000000000000000e+00 1.150999984741210938e+02 5.960000038146972656e+00 5.059999942779541016e+00 1.720000000000000000e+02 2.450010735590278171e+06 2.452519839687500615e+06
1.205462589859962463e-02 1.158811338245868683e-02 1.616195589303970337e-01 1.110000014305114746e+00 1.548837304115295410e+00 1.073637977242469788e-01 4.610000133514404297e+00 2.339999914169311523e+00 1.071999969482421875e+02 7.280000209808349609e+00 6.630000114440917969e+00 1.310000000000000000e+02 2.450010735590278171e+06 2.452519839687500615e+06
2.327105539734475315e-05 1.187153533101082022e-02 9.502205997705459595e-02 2.640000104904174805e+00 3.044284248352050781e+01 1.128548160195350647e-01 3.021999931335449219e+01 1.131999969482421875e+01 7.969999694824218750e+01 3.070999908447265625e+01 1.298999977111816406e+01 7.950000000000000000e+01 2.450010733622685540e+06 2.452519837835648563e+06
7.635814836248756810e-05 1.189752202481031418e-02 1.405300199985504150e-02 2.970000028610229492e+00 1.327764701843261719e+01 1.127486974000930786e-01 1.150000000000000000e+01 1.039999961853027344e+01 1.596000061035156250e+02 1.313000011444091797e+01 1.176000022888183594e+01 1.661000061035156250e+02 2.450010733622685540e+06 2.452519837835648563e+06
8.653924305690452456e-05 1.194634195417165756e-02 8.065050840377807617e-02 3.039999961853027344e+00 1.500387096405029297e+01 1.125372201204299927e-01 3.095000076293945312e+01 0.000000000000000000e+00 1.766000061035156250e+02 3.160000038146972656e+01 5.400000095367431641e+00 1.766999969482421875e+02 2.450010733622685540e+06 2.452519837835648563e+06
6.115924770710989833e-05 1.196835283190011978e-02 1.149528995156288147e-01 2.390000104904174805e+00 3.689981460571289062e+01 1.124354675412178040e-01 2.509000015258789062e+01 1.989999961853027344e+01 2.350000000000000000e+01 2.586000061035156250e+01 2.065999984741210938e+01 2.250000000000000000e+01 2.450010733622685540e+06 2.452519837835648563e+06
1.072046719491481781e-02 1.206153444945812225e-02 4.113472625613212585e-02 1.039999961853027344e+00 7.898734807968139648e-01 1.082491427659988403e-01 9.499999880790710449e-01 0.000000000000000000e+00 5.270000076293945312e+01 6.039999961853027344e+00 4.369999885559082031e+00 3.229999923706054688e+01 2.450010735590278171e+06 2.452519839687500615e+06
4.544837400317192078e-03 1.207326631993055344e-02 4.113472625613212585e-02 1.110000014305114746e+00 9.293023943901062012e-01 1.030962839722633362e-01 1.659999966621398926e+00 0.000000000000000000e+00 3.420000076293945312e+01 6.440000057220458984e+00 4.469999790191650391e+00 1.889999961853027344e+01 2.450010733622685540e+06 2.452519837835648563e+06
8.489281870424747467e-03 1.230214722454547882e-02 4.113472625613212585e-02 1.399999976158142090e+00 1.838260769844055176e+00 1.021947264671325684e-01 4.239999771118164062e+00 2.019999980926513672e+00 4.529999923706054688e+01 7.429999828338623047e+00 6.090000152587890625e+00 2.500000000000000000e+01 2.450010735590278171e+06 2.452519839687500615e+06
9.806350804865360260e-03 1.394556835293769836e-02 9.725175052881240845e-02 1.120000004768371582e+00 7.595402002334594727e-01 1.114223077893257141e-01 0.000000000000000000e+00 0.000000000000000000e+00 1.298999938964843750e+02 5.650000095367431641e+00 4.099999904632568359e+00 1.548999938964843750e+02 2.450006746817130130e+06 2.452519839687500615e+06
5.104142706841230392e-03 1.457446906715631485e-02 2.343357726931571960e-02 1.240000009536743164e+00 8.141413331031799316e-01 1.231679469347000122e-01 0.000000000000000000e+00 0.000000000000000000e+00 4.190000152587890625e+01 5.559999942779541016e+00 4.090000152587890625e+00 1.410000038146972656e+01 2.450006746817130130e+06 2.452519837835648563e+06
5.555382929742336273e-03 1.471516210585832596e-02 1.405300199985504150e-02 9.060000419616699219e+00 9.090850830078125000e+00 1.249209567904472351e-01 1.169999957084655762e+00 0.000000000000000000e+00 1.713000030517578125e+02 6.500000000000000000e+00 5.329999923706054688e+00 1.786999969482421875e+02 2.450006746817130130e+06 2.452519837835648563e+06
6.352634634822607040e-03 1.506044622510671616e-02 1.378123760223388672e-01 9.499999880790710449e-01 4.750000238418579102e-01 1.276379674673080444e-01 0.000000000000000000e+00 0.000000000000000000e+00 8.319999694824218750e+01 4.559999942779541016e+00 3.750000000000000000e+00 5.199999809265136719e+00 2.450006746817130130e+06 2.452519839687500615e+06
1.285362173803150654e-03 1.555456779897212982e-02 1.405300199985504150e-02 4.840000152587890625e+00 5.282876014709472656e+00 1.050126031041145325e-01 2.180000066757202148e+00 1.149999976158142090e+00 1.281999969482421875e+02 6.619999885559082031e+00 5.690000057220458984e+00 1.715000000000000000e+02 2.450006746817130130e+06 2.452519837835648563e+06
2.399754943326115608e-03 1.561560668051242828e-02 1.405300199985504150e-02 3.173999977111816406e+01 4.030747985839843750e+01 1.140869110822677612e-01 4.300000190734863281e+00 9.700000286102294922e-01 1.255999984741210938e+02 7.320000171661376953e+00 5.989999771118164062e+00 1.451999969482421875e+02 2.450006746817130130e+06 2.452519837835648563e+06
4.577271174639463425e-03 1.613081805408000946e-02 1.405300199985504150e-02 3.410000085830688477e+00 3.204968452453613281e+00 1.339828670024871826e-01 1.980000019073486328e+00 0.000000000000000000e+00 1.216999969482421875e+02 6.269999980926513672e+00 5.190000057220458984e+00 1.508999938964843750e+02 2.450006746817130130e+06 2.452519837835648563e+06
5.959281232208013535e-03 1.793805696070194244e-02 1.405300199985504150e-02 3.640000104904174805e+00 6.367315292358398438e+00 1.306830644607543945e-01 5.789999961853027344e+00 4.440000057220458984e+00 1.661999969482421875e+02 8.609999656677246094e+00 7.010000228881835938e+00 1.725000000000000000e+02 2.450006746817130130e+06 2.452519837835648563e+06
2.542871981859207153e-03 1.794673502445220947e-02 1.405300199985504150e-02 6.000000000000000000e+00 6.699130535125732422e+00 1.358090043067932129e-01 3.009999990463256836e+00 0.000000000000000000e+00 1.338999938964843750e+02 6.840000152587890625e+00 5.650000095367431641e+00 1.601000061035156250e+02 2.450001758148148656e+06 2.452519837835648563e+06
3.997967578470706940e-03 1.795652881264686584e-02 1.628269627690315247e-02 3.359999895095825195e+00 3.759742736816406250e+00 1.382466256618499756e-01 2.859999895095825195e+00 5.400000214576721191e-01 1.348999938964843750e+02 6.809999942779541016e+00 5.679999828338623047e+00 1.631000061035156250e+02 2.450001758148148656e+06 2.452519837835648563e+06
5.931138060986995697e-03 1.798096299171447754e-02 1.405300199985504150e-02 3.150000095367431641e+00 5.724310398101806641e+00 1.306627094745635986e-01 8.810000419616699219e+00 1.450000047683715820e+00 1.496000061035156250e+02 1.076000022888183594e+01 5.829999923706054688e+00 1.531999969482421875e+02 2.450006746817130130e+06 2.452519837835648563e+06
2.506074495613574982e-03 1.798518188297748566e-02 1.405300199985504150e-02 2.440000057220458984e+00 2.685114383697509766e+00 1.359065622091293335e-01 2.640000104904174805e+00 1.019999980926513672e+00 1.750000000000000000e+02 6.920000076293945312e+00 5.500000000000000000e+00 1.783000030517578125e+02 2.450001758148148656e+06 2.452519837835648563e+06
5.878050811588764191e-03 1.802197843790054321e-02 1.405300199985504150e-02 2.240000009536743164e+00 3.973467111587524414e+00 1.306901723146438599e-01 7.320000171661376953e+00 2.099999904632568359e+00 8.250000000000000000e+01 9.109999656677246094e+00 6.719999790191650391e+00 8.009999847412109375e+01 2.450006746817130130e+06 2.452519837835648563e+06
5.209371447563171387e-03 1.839092187583446503e-02 4.731718078255653381e-02 2.539999961853027344e+00 2.063056707382202148e+00 1.327348500490188599e-01 0.000000000000000000e+00 0.000000000000000000e+00 1.478999938964843750e+02 5.969999790191650391e+00 4.710000038146972656e+00 1.738999938964843750e+02 2.450001758148148656e+06 2.452519837835648563e+06
1.620247378014028289e-03 1.839780621230602264e-02 9.725175052881240845e-02 1.559999942779541016e+00 2.536488771438598633e+00 1.348739266395568848e-01 8.399999618530273438e+00 0.000000000000000000e+00 9.100000000000000000e+01 9.989999771118164062e+00 5.630000114440917969e+00 9.109999847412109375e+01 2.450001758148148656e+06 2.452519837835648563e+06
1.902117975987494209e-03 1.945062726736068726e-02 9.725175052881240845e-02 5.349999904632568359e+00 1.738225364685058594e+01 1.439605206251144409e-01 1.165999984741210938e+01 6.170000076293945312e+00 5.179999923706054688e+01 1.303999996185302734e+01 8.609999656677246094e+00 4.829999923706054688e+01 2.450001758148148656e+06 2.452519837835648563e+06
4.750350024551153183e-03 1.951423473656177521e-02 2.343357726931571960e-02 2.470000028610229492e+00 2.514504432678222656e+00 1.362719982862472534e-01 2.000000000000000000e+00 0.000000000000000000e+00 3.070000076293945312e+01 6.619999885559082031e+00 5.309999942779541016e+00 9.899999618530273438e+00 2.450001758148148656e+06 2.452519837835648563e+06
2.695152070373296738e-03 1.985961757600307465e-02 3.302451372146606445e-01 9.900000095367431641e-01 6.689189076423645020e-01 1.470756232738494873e-01 1.279999971389770508e+00 0.000000000000000000e+00 1.628999938964843750e+02 6.480000019073486328e+00 3.640000104904174805e+00 1.696000061035156250e+02 2.450001758148148656e+06 2.452519837835648563e+06
1.502510276623070240e-03 2.061825245618820190e-02 1.405300199985504150e-02 1.470000028610229492e+00 2.337541103363037109e+00 1.415895521640777588e-01 7.090000152587890625e+00 1.830000042915344238e+00 1.879999923706054688e+01 9.500000000000000000e+00 5.789999961853027344e+00 1.510000038146972656e+01 2.450001758148148656e+06 2.452519837835648563e+06
1.822923659346997738e-03 2.134266123175621033e-02 1.405300199985504150e-02 5.389999866485595703e+00 5.505350112915039062e+00 1.419065594673156738e-01 1.870000004768371582e+00 0.000000000000000000e+00 1.071999969482421875e+02 6.260000228881835938e+00 5.630000114440917969e+00 1.660000000000000000e+02 2.450001758148148656e+06 2.452519837835648563e+06
1.308269682340323925e-03 2.156344614923000336e-02 1.628269627690315247e-02 1.320000052452087402e+00 1.270654201507568359e+00 1.377307325601577759e-01 3.130000114440917969e+00 0.000000000000000000e+00 6.070000076293945312e+01 6.590000152587890625e+00 5.059999942779541016e+00 4.340000152587890625e+01 2.450001758148148656e+06 2.452519837835648563e+06
4.801110189873725176e-04 2.265597321093082428e-02 1.405300199985504150e-02 1.280000019073486328e+01 1.302438354492187500e+01 1.362273991107940674e-01 1.620000004768371582e+00 0.000000000000000000e+00 1.450000000000000000e+01 6.590000152587890625e+00 5.340000152587890625e+00 3.200000047683715820e+00 2.450001758148148656e+06 2.450001760057870764e+06
